"G" "A1D1X" "A2D1X" "A1D1Y" "A2D1Y" "A1D2X" "A2D2X" "A1D2Y" "A2D2Y"
1 0.214233959270174 0.285695336425515 0.214248088816085 0.285709522546184 7.07184480000823e-09 2.82661636656329e-05 2.12155344000247e-08 8.47984909968987e-05
2 0.212174360155293 0.287762433464103 0.212188018925041 0.287772731342 1.15325893507564e-08 2.56024958014558e-05 3.45977680522693e-08 7.68074874043675e-05
3 0.210801653508369 0.289132669266131 0.210815530439403 0.289144119888332 1.72671975216886e-08 2.64894572437161e-05 5.18015925650657e-08 7.94683717311483e-05
4 0.209634145050812 0.290295582256675 0.209648885632091 0.29030809895979 2.39746994014373e-08 2.82980504585039e-05 7.1924098204312e-08 8.48941513755116e-05
5 0.208632230017166 0.291292135584119 0.208648044672999 0.291305739856931 3.12773990061986e-08 3.04311897972189e-05 9.38321970185956e-08 9.12935693916568e-05
6 0.207772394884406 0.292146134532798 0.207789394591852 0.292160884921428 3.90226412068372e-08 3.27587447377512e-05 1.17067923620512e-07 9.82762342132536e-05
7 0.207034624410461 0.292877639179698 0.207052901658817 0.292893607372109 4.71778396297393e-08 3.52596668891905e-05 1.41533518889218e-07 0.000105779000667572
8 0.20640166400005 0.293503889927215 0.206421312033461 0.293521155343008 5.57577886081163e-08 3.79389162779343e-05 1.67273365824349e-07 0.000113816748833803
9 0.205858654958528 0.294039715810675 0.205879772611154 0.294058364678446 6.47946546159414e-08 4.08081906443852e-05 1.94383963847824e-07 0.000122424571933156
10 0.205392814425802 0.294497864577186 0.205415507625766 0.294517990079534 7.4327556952494e-08 4.38814953710252e-05 2.22982670857482e-07 0.000131644486113076
11 0.204993153227317 0.294889287030163 0.205017535753924 0.294910989718163 8.4399360866646e-08 4.71741682474473e-05 2.53198082599938e-07 0.000141522504742342
12 0.204650229317727 0.295223383951126 0.204676423416152 0.295246772245352 9.50558791107212e-08 5.07027115316254e-05 2.85167637332163e-07 0.000152108134594876
13 0.204355933377932 0.295508220431134 0.204384070374123 0.295533411169552 1.06345835756451e-07 5.44848159788864e-05 3.19037507269353e-07 0.000163454447936659
14 0.204103302954859 0.295750711546158 0.204133523906061 0.295777830572476 1.18321065169989e-07 5.85394340464602e-05 3.54963195509967e-07 0.000175618302139381
15 0.203886361709033 0.295956782886097 0.203918818100484 0.295985965679829 1.31036785355263e-07 6.28868693539138e-05 3.9311035606579e-07 0.000188660608061741
16 0.203699980619787 0.296131509104283 0.203734835112524 0.296162901455636 1.4455189927926e-07 6.75488750432317e-05 4.33655697837779e-07 0.000202646625129695
17 0.203539758312597 0.296279233326108 0.203577185546216 0.296312992059231 1.58929312394694e-07 7.2548759649654e-05 4.76787937184083e-07 0.000217646278948962
18 0.203401917986158 0.29640366993905 0.203442105440293 0.296439963687411 1.74236264764102e-07 7.79115005072002e-05 5.22708794292305e-07 0.000233734501521601
19 0.203283218713686 0.296507992988665 0.203326367632201 0.296547003026465 1.90544679094908e-07 8.36638650668711e-05 5.71634037284724e-07 0.000250991595200613
20 0.203180879166846 0.296594912130957 0.203227205548975 0.296636833264661 2.07931526777078e-07 8.98345406133287e-05 6.23794580331233e-07 0.000269503621839986
21 0.203092512058763 0.296666737843358 0.203142247721744 0.296711779367613 2.26479214198086e-07 9.64542729163456e-05 6.79437642594259e-07 0.000289362818749037
22 0.203016067824399 0.296725437374597 0.203069461542443 0.296773824097032 2.46275991637815e-07 0.000103556014390507 7.38827974913446e-07 0.000310668043171521
23 0.202949786253145 0.296772682717128 0.203007104977928 0.296824656056768 2.67416387044909e-07 0.000111175082370788 8.02249161134726e-07 0.000333525247112364
24 0.202892154961402 0.29680989171275 0.202953685129573 0.296865710877026 2.90001667000853e-07 0.000119349328145097 8.70005001002558e-07 0.000358047984435291
25 0.202841873744297 0.296838263250598 0.202907922677882 0.296898206496242 3.14140327196636e-07 0.000128119317418149 9.42420981589908e-07 0.000384357952254446
26 0.202797823977599 0.296858807384692 0.202868721383529 0.296923173368064 3.39948614780024e-07 0.000137528522914066 1.01984584434007e-06 0.000412585568742198
27 0.202759042355562 0.296872371083491 0.202835141930938 0.296941480306238 3.6755108497776e-07 0.000147623529857738 1.10265325493328e-06 0.000442870589573214
28 0.202724698349751 0.296879660224462 0.202806379499879 0.296953856580703 3.97081194454455e-07 0.000158454255106838 1.19124358336337e-06 0.000475362765320515
29 0.202694074859868 0.296881258360687 0.202781744536475 0.296960910792284 4.28681933936331e-07 0.000170074180737178 1.28604580180899e-06 0.000510222542211532
30 0.202666551601785 0.296877642712229 0.202760646269289 0.296963146979033 4.62506502701306e-07 0.000182540602913182 1.38751950810392e-06 0.000547621808739546
31 0.202641590841986 0.296869197770921 0.202742578580115 0.296960978343259 4.98719027614773e-07 0.000195914896902201 1.49615708284432e-06 0.000587744690706605
32 0.202618725142769 0.296856226852068 0.202727107894288 0.296954738933096 5.37495329470713e-07 0.000210262799115286 1.61248598841214e-06 0.000630788397345857
33 0.202597546829995 0.296838961879043 0.202713862802742 0.296944693564954 5.79023739477866e-07 0.000225654707077204 1.7370712184336e-06 0.000676964121231611
34 0.202577698935981 0.2968175716459 0.202702525168909 0.29693104623236 6.2350596880819e-07 0.000242165998243786 1.87051790642457e-06 0.000726497994731356
35 0.20255886740523 0.296792168768054 0.202692822508607 0.296913947211596 6.71158034196612e-07 0.00025987736859398 2.01347410258984e-06 0.00077963210578194
36 0.20254077438083 0.296762815500903 0.202684521461228 0.296893499044365 7.22211242644273e-07 0.000278875191925959 2.16663372793282e-06 0.000836625575777876
37 0.202523172415245 0.296729528580407 0.202677422196416 0.29686976155186 7.7691323832829e-07 0.000299251900779596 2.33073971498487e-06 0.000897755702338789
38 0.202505839471459 0.296692283217478 0.202671353622655 0.296842756012388 8.35529114855666e-07 0.000321106389889897 2.506587344567e-06 0.000963319169669692
39 0.202488574599524 0.296651016358979 0.202666169283266 0.296812468615666 8.98342596012898e-07 0.000344544443045326 2.69502778803869e-06 0.00103363332913598
40 0.202471194189948 0.296605629311913 0.202661743841654 0.296778853290616 9.65657288150899e-07 0.000369679184179189 2.8969718644527e-06 0.00110903755253757
41 0.202453528719461 0.296555989813433 0.202657970071735 0.296741833989507 1.03779800730141e-06 0.00039663155345851 3.11339402190422e-06 0.00118989466037553
42 0.20243541991675 0.29650193361747 0.202654756281466 0.296701306499376 1.11511218403959e-06 0.000425530809050172 3.34533655211878e-06 0.00127659242715051
43 0.202416718286171 0.296443265658631 0.20265202410778 0.296657139841482 1.19797134898081e-06 0.000456515055135095 3.59391404694242e-06 0.00136954516540529
44 0.202397280936383 0.29637976084548 0.202649706630048 0.296609177310867 1.2867727016189e-06 0.000489731796604028 3.86031810485671e-06 0.00146919538981208
45 0.202376969668522 0.296311164528036 0.202647746756837 0.296557237200751 1.38194076497057e-06 0.000525338520698815 4.1458222949117e-06 0.00157601556209645
46 0.202355649285177 0.296237192678225 0.202646095847216 0.296501113250245 1.48392912817351e-06 0.000563503305656195 4.45178738452053e-06 0.00169050991696859
47 0.202333186087156 0.296157531816955 0.20264471253348 0.296440574848645 1.59322227878561e-06 0.000604405456161851 4.77966683635683e-06 0.00181321636848555
48 0.202309446529981 0.296071838717276 0.202643561716954 0.296375367025185 1.7103375260336e-06 0.000648236165125062 5.13101257810081e-06 0.00194470849537519
49 0.202284296016365 0.295979739909671 0.202642613712662 0.296305210249509 1.83582701565032e-06 0.000695199200932532 5.50748104695095e-06 0.00208559760279759
50 0.202257597804676 0.295880831012864 0.202641843522196 0.29622980006521 1.97027983620314e-06 0.000745511618927231 5.91083950860941e-06 0.00223653485678169
51 0.202229212016676 0.295774675911414 0.202641230217141 0.296148806576397 2.11432421593659e-06 0.000799404495377101 6.34297264780978e-06 0.0023982134861313
52 0.202198994730753 0.295660805799921 0.202640756418044 0.296061873805482 2.26862980811134e-06 0.000857123681641804 6.80588942433402e-06 0.00257137104492541
53 0.202166797149417 0.295538718112708 0.202640407856155 0.295968618939051 2.43391006160043e-06 0.000918930575605455 7.3017301848013e-06 0.00275679172681637
54 0.202132464832177 0.295407875357363 0.202640173007112 0.295868631477814 2.61092467208226e-06 0.000985102906711303 7.83277401624677e-06 0.00295530872013391
55 0.202095836986991 0.295267703870579 0.202640042787406 0.295761472306183 2.80048210752634e-06 0.00105593553010269 8.40144632257901e-06 0.00316780659030806
56 0.202056745815449 0.295117592515149 0.202640010305898 0.295646672696964 3.00344219978211e-06 0.00113174122443528 9.01032659934634e-06 0.00339522367330584
57 0.202015015908593 0.29495689133788 0.20264007066393 0.295523733266945 3.22071879193007e-06 0.00121285148687115 9.66215637579021e-06 0.00363855446061344
58 0.201970463692015 0.294784910209461 0.202640220798612 0.295392122899841 3.45328242861834e-06 0.00129961731758915 1.0359847285855e-05 0.00389885195276744
59 0.201922896920451 0.294600917469031 0.202640459364834 0.295251277654017 3.702163073866e-06 0.00139240998484287 1.1106489221598e-05 0.0041772299545286
60 0.201872114223656 0.294404138598248 0.202640786652344 0.295100599673746 3.96845283774907e-06 0.00149162176016373 1.19053585132472e-05 0.00447486528049119
61 0.201817904706844 0.294193754952117 0.20264120453494 0.294939456124374 4.25330868998285e-06 0.00159766661174131 1.27599260699485e-05 0.00479299983522392
62 0.201760047610482 0.293968902576607 0.202641716449421 0.294767178173679 4.55795513466331e-06 0.00171098084231815 1.36738654039899e-05 0.00513294252695444
63 0.201698312035662 0.293728671146229 0.202642327402487 0.294583060043884 4.88368681632986e-06 0.00183202365611815 1.46510604489896e-05 0.00549607096835444
64 0.201632456742738 0.293472103058119 0.20264304400421 0.294386358161251 5.23187102306355e-06 0.00196127763739757 1.56956130691907e-05 0.00588383291219271
65 0.201562230032328 0.293198192722853 0.202643874527079 0.294176290432816 5.60395004755637e-06 0.00209924912118366 1.68118501426691e-05 0.00629774736355099
66 0.201487369719175 0.29290588609606 0.202644828989949 0.293952035682676 6.00144336200469e-06 0.0022464684346727 1.80043300860141e-05 0.00673940530401812
67 0.2014076032107 0.292594080498843 0.202645919266479 0.293712733283223 6.42594955733766e-06 0.00240348998563131 1.9277848672013e-05 0.00721046995689394
68 0.20132264770334 0.292261624779038 0.202647159217811 0.293457483019739 6.87914799175034e-06 0.00257089217202637 2.0637443975251e-05 0.00771267651607912
69 0.201232210510967 0.291907319869213 0.202648564849423 0.293185345229821 7.36280008785614e-06 0.00274927708505588 2.20884002635684e-05 0.00824783125516764
70 0.201135989540673 0.291529919801014 0.202650154492093 0.292895341262034 7.87875021210996e-06 0.00293926997583447 2.36362506363299e-05 0.0088178099275034
71 0.201033673932063 0.291128133238705 0.202651949006953 0.292586454300875 8.4289260646202e-06 0.00314151845428632 2.52867781938606e-05 0.00942455536285895
72 0.200924944876803 0.290700625597492 0.202653972014508 0.292257630607536 9.01533850222764e-06 0.00335669138741292 2.70460155066829e-05 0.0100700741622387
73 0.200809476635412 0.29024602181407 0.202656250147322 0.291907781227758 9.64008071298285e-06 0.00358547746314654 2.89202421389486e-05 0.0107564323894396
74 0.200686937768218 0.289762909837665 0.202658813325835 0.291535784219252 1.03053266561306e-05 0.00382858338560134 3.09159799683917e-05 0.011485750156804
75 0.200556992596796 0.289249844909311 0.202661695056418 0.291140487451423 1.10133286786757e-05 0.00408673166783428 3.30399860360271e-05 0.0122601950035029
76 0.200419302911066 0.288705354694953 0.202664932750279 0.290720712029302 1.17664142178574e-05 0.00436065798938214 3.52992426535721e-05 0.0130819739681464
77 0.200273529935464 0.28812794533378 0.202668568061315 0.290275256391407 1.25669814987182e-05 0.00465110808800995 3.77009444961546e-05 0.0139533242640298
78 0.200119336565058 0.287516108456803 0.202672647240249 0.289802901127515 1.3417494137772e-05 0.00495883415845605 4.02524824133159e-05 0.0148765024753682
79 0.19995638987914 0.286868329221641 0.202677221501623 0.289302414556725 1.43204745679009e-05 0.00528459073564968 4.29614237037028e-05 0.015853772206949
80 0.199784363935594 0.286183095397486 0.202682347399248 0.288772559098615 1.52784962064089e-05 0.00562913004605763 4.58354886192267e-05 0.0168873901381729
81 0.199602942844122 0.285458907519178 0.202688087204681 0.288212098460379 1.62941742979568e-05 0.00599319681861171 4.88825228938705e-05 0.0179795904558351
82 0.199411824110258 0.284694290110822 0.202694509282136 0.287619805650606 1.73701553772152e-05 0.00637752255616718 5.21104661316458e-05 0.0191325676685015
83 0.199210722234928 0.283887803957557 0.202701688451993 0.286994471815535 1.85091053127176e-05 0.00678281927968379 5.55273159381527e-05 0.0203484578390514
84 0.198999372546238 0.283038059378829 0.202709706333793 0.28633491587637 1.97136959137463e-05 0.00720977277027879 5.91410877412388e-05 0.0216293183108364
85 0.198777535231258 0.282143730428109 0.202718651658285 0.285639994926443 2.09865901061609e-05 0.00765903534886998 6.29597703184826e-05 0.0229771060466099
86 0.198544999525996 0.281203569912792 0.202728620536832 0.284908615325117 2.23304257107759e-05 0.00813121824910474 6.69912771323276e-05 0.0243936547473142
87 0.198301588011721 0.280216425094581 0.202739716675291 0.284139744401445 2.3747797888938e-05 0.00862688365635161 7.12433936668141e-05 0.0258806509690548
88 0.198047160955671 0.279181253895845 0.202752051518482 0.283332422655428 2.5241240353861e-05 0.00914653650328974 7.57237210615829e-05 0.0274396095098692
89 0.197781620624215 0.278097141402307 0.202765744310584 0.28248577631885 2.681320548237e-05 0.00969061613052901 8.043961644711e-05 0.029071848391587
90 0.197504915487312 0.276963316418137 0.202780922056355 0.28159903011191 2.8466043499089e-05 0.0102594879380727 8.53981304972669e-05 0.0307784638142181
91 0.197217044224969 0.27577916779772 0.202797719368059 0.280671520007318 3.02019809426627e-05 0.0108534351695409 9.0605942827988e-05 0.0325603055086228
92 0.196918059439984 0.274544260250496 0.20281627818346 0.279702705791135 3.20230986600541e-05 0.0114726509850712 9.60692959801623e-05 0.0344179529552137
93 0.196608070977012 0.273258349293185 0.202836747341321 0.278692183190739 3.39313096088461e-05 0.0121172309898268 0.000101793928826538 0.0363516929694805
94 0.196287248746519 0.271921395008981 0.202859282002561 0.277639695326058 3.59283367772796e-05 0.0127871663921931 0.000107785010331839 0.0383614991765794
95 0.195955824953839 0.270533574267715 0.202884042907639 0.276545143231759 3.80156915559188e-05 0.013482337968206 0.000114047074667756 0.0404470139046181
96 0.195614095638839 0.26909529106576 0.202911195463863 0.275408595196613 4.01946529118639e-05 0.0142025110058193 0.000120583958735592 0.0426075330174578
97 0.1952624214407 0.267607184660789 0.202940908660116 0.27423029467253 4.24662477250041e-05 0.014947331393741 0.000127398743175012 0.0448419941812229
98 0.194901227515268 0.266070135204984 0.202973353810958 0.273010666520413 4.48312326448491e-05 0.0157163230044496 0.000134493697934547 0.0471489690133489
99 0.194531002549054 0.264485266620939 0.203008703136989 0.271750321383297 4.72900778152754e-05 0.016508886499615 0.000141870233445826 0.049526659498845
100 0.194152296834053 0.262853946516859 0.203047128193709 0.270450058009007 4.98429527927783e-05 0.0173242996587999 0.000149528858378335 0.0519728989763997
101 0.193765719390407 0.261177783000379 0.20308879816662 0.269110863384191 5.24897149517119e-05 0.0181617192996492 0.000157469144855136 0.0544851578989477
102 0.193371934148932 0.259458618321721 0.203133878055758 0.267733910588033 5.52299006282301e-05 0.0190201848207609 0.00016568970188469 0.0570605544622827
103 0.192971655231634 0.257698519354323 0.203182526778058 0.266320554325734 5.80627192043818e-05 0.0198986233583584 0.000174188157613145 0.0596958700750751
104 0.192565641394434 0.255899765001719 0.203234895220515 0.264872324157087 6.09870502767164e-05 0.0207958565062846 0.000182961150830149 0.0623875695188536
105 0.192154689721382 0.2540648307 0.203291124280953 0.263390915492093 6.40014439918223e-05 0.0217106085074013 0.000192004331975467 0.0651318255222039
106 0.191739628682408 0.252196370262158 0.203351342935965 0.261878178481276 6.7104124566714e-05 0.0226415157849816 0.000201312373700142 0.0679245473549447
107 0.191321310686039 0.25029719538085 0.203415666377097 0.260336104980847 7.02929969473054e-05 0.0235871376468442 0.000210878990841916 0.0707614129405325
108 0.190900604273673 0.2483702531663 0.20348419425655 0.25876681381997 7.35656564957238e-05 0.0245459679643812 0.000220696969487171 0.0736379038931436
109 0.190478386112131 0.246418602143883 0.203557009082328 0.257172534637165 7.69194015391582e-05 0.0255164476045843 0.000230758204617474 0.0765493428137529
110 0.190055532945867 0.244445387169239 0.203634174800106 0.255555590583855 8.03512485612309e-05 0.0264969773766722 0.000241053745683693 0.0794909321300166
111 0.189632913669241 0.242453813736574 0.203715735594954 0.253918380213989 8.38579497730854e-05 0.0274859312465374 0.000251573849319256 0.0824577937396122
112 0.189211381672828 0.240447122157627 0.203801714940799 0.252263358889194 8.74360127665918e-05 0.0284816695721215 0.000262308038299775 0.0854450087163646
113 0.188791767606151 0.238428562075213 0.203892114919229 0.250593020028815 9.10817219269036e-05 0.0294825521207209 0.000273245165780711 0.0884476563621628
114 0.188374872683305 0.236401367747466 0.203986915822269 0.248909876524077 9.47911612661804e-05 0.0304869506444546 0.000284373483798541 0.0914608519333637
115 0.187961462638443 0.234368734498778 0.20408607604632 0.247216442616353 9.8560238334304e-05 0.0314932608116926 0.000295680715002912 0.0944797824350777
116 0.187552262416048 0.232333796683379 0.204189532277011 0.245515216512489 0.000102384708865191 0.032499913318903 0.000307154126595572 0.097499739956709
117 0.18714795165746 0.230299607450162 0.204297199957352 0.243808663976872 0.000106260201827818 0.0335053840377111 0.000318780605483455 0.100516152113133
118 0.186749161021186 0.228269120535522 0.204408974024812 0.242099203102159 0.000110182244568198 0.0345082030845121 0.000330546733704594 0.103524609253536
119 0.186356469351265 0.226245174247486 0.204524729896894 0.240389190420188 0.000114146287750887 0.0355069627332905 0.00034243886325266 0.106520888199872
120 0.18597040168607 0.224230477741734 0.204644324679598 0.238680908473121 0.000118147729834968 0.0365003241250341 0.000354443189504903 0.109500972375102
121 0.185591428080305 0.22222759963054 0.204767598569174 0.236976554924054 0.000122181940848438 0.0374870227581332 0.000366545822545315 0.1124610682744
122 0.185219963195998 0.220238958911057 0.204894376414605 0.235278233247477 0.000126244285255452 0.0384658727724604 0.000378732855766355 0.115397618317381
123 0.18485636660442 0.218266818151052 0.205024469406541 0.233587945004096 0.000130330143741867 0.0394357700647309 0.0003909904312256 0.118307310194193
124 0.1845009437302 0.216313278829135 0.205157676857795 0.231907583672682 0.000134434933775185 0.040395694293772 0.000403304801325556 0.121187082881316
125 0.18415394736149 0.214380278693233 0.205293788040928 0.230238929984066 0.000138554128824505 0.0413447098512462 0.000415662386473514 0.124034129553739
126 0.183815579645667 0.212469590975528 0.20543258404983 0.228583648679739 0.000142683276154079 0.0422819658861551 0.000428049828462237 0.126845897658465
127 0.183485994488547 0.210582825284129 0.205573839654334 0.22694328659953 0.000146818013130085 0.0432066954802348 0.000440454039390255 0.129620086440704
128 0.183165300276007 0.208721429980868 0.205717325119682 0.225319271989619 0.000150954082003961 0.0441182140764517 0.000452862246011882 0.132354642229355
129 0.182853562839954 0.206886695849971 0.205862807965885 0.223712914913231 0.000155087343157159 0.0450159172645827 0.000465262029471478 0.135047751793748
130 0.182550808595276 0.205079760863283 0.206010054645543 0.222125408641443 0.000159213786811203 0.0458992780268026 0.000477641360433608 0.137697834080408
131 0.182257027780389 0.203301615853144 0.206158832122395 0.22055783190013 0.000163329543223647 0.0467678435427621 0.00048998862967094 0.140303530628286
132 0.181972177740785 0.201553110913114 0.206308909336529 0.219011151850583 0.000167430891404991 0.0476212316483422 0.000502292674214972 0.142863694945027
133 0.18169618620238 0.199834962358627 0.206460058545807 0.21748622768534 0.000171514266403802 0.0484591270355576 0.000514542799211407 0.145377381106673
134 0.181428954488959 0.198147760093423 0.206612056536448 0.21598381472665 0.000175576265217536 0.0492812772734125 0.000526728795652607 0.147843831820237
135 0.181170360645517 0.196491975242691 0.206764685698845 0.214504568922341 0.000179613651394802 0.0500874887212568 0.000538840954184406 0.15026246616377
136 0.180920262436498 0.194867967929409 0.206917734967537 0.213049051642184 0.000183623358401385 0.0508776223976914 0.000550870075204156 0.152632867193074
137 0.180678500194696 0.193275995086077 0.207071000626693 0.211617734686818 0.000187602491827218 0.0516515898596017 0.000562807475481653 0.154954769578805
138 0.180444899502812 0.191716218209329 0.207224286984597 0.210211005430492 0.000191548330514984 0.0524093491376774 0.000574644991544951 0.157228047413032
139 0.180219273695249 0.19018871097953 0.20737740692237 0.208829172028166 0.000195458326693177 0.0531509007669783 0.000586374980079531 0.159452702300935
140 0.180001426172662 0.188693466681132 0.207530182323539 0.207472468626498 0.000199330105197401 0.0538762839438448 0.000597990315592204 0.161628851831534
141 0.17979115252605 0.187230405372184 0.207682444392137 0.20614106052692 0.000203161461863643 0.0545855728338139 0.00060948438559093 0.163756718501442
142 0.179588242470757 0.185799380762746 0.207834033867759 0.204835049257127 0.000206950361176281 0.0552788730492265 0.000620851083528842 0.16583661914768
143 0.179392481593751 0.184400186772201 0.207984801146496 0.203554477514864 0.000210694933251831 0.0559563183099203 0.000632084799755492 0.167868954929761
144 0.179203652919922 0.183032563744344 0.208134606316883 0.202299333954783 0.000214393470237031 0.0566180672957801 0.000643180410711092 0.16985420188734
145 0.179021538305018 0.181696204306938 0.208283319120051 0.201069557795398 0.000218044422196879 0.057264300695952 0.000654133266590637 0.171792902087856
146 0.178845919664218 0.180390758869043 0.208430818843119 0.199865043228706 0.000221646392564836 0.0578952184561636 0.000664939177694507 0.173685655368491
147 0.178676580046322 0.179115840755027 0.208576994154581 0.198685643619955 0.000225198133223622 0.0585110372228052 0.000675594399670867 0.175533111668416
148 0.178513304564151 0.177871030978768 0.208721742890063 0.197531175489316 0.000228698539281024 0.0591119879801443 0.000686095617843071 0.177335963940433
149 0.178355881192082 0.17665588266535 0.208864971796337 0.196401422270887 0.000232146643600872 0.0596983138752353 0.000696439930802615 0.179094941625706
150 0.178204101441686 0.175469925130505 0.209006596240947 0.195296137847593 0.000235541611145067 0.0602702682236722 0.000706624833435202 0.180810804671017
151 0.178057760926332 0.174312667630401 0.209146539894244 0.194215049863167 0.000238882733178132 0.0608281126882861 0.000716648199534397 0.182484338064858
152 0.177916659825301 0.173183602796045 0.209284734390012 0.193157862814556 0.0002421694213814 0.0613721156221401 0.0007265082641442 0.18411634686642
153 0.177780603257557 0.172082209767819 0.2094211189703 0.192124260929879 0.000245401201919676 0.0619025505666914 0.000736203605759028 0.185707651700074
154 0.177649401574794 0.171007957046428 0.209555640119455 0.191113910838429 0.000248577709498984 0.0624196948957246 0.000745733128496953 0.187259084687174
155 0.177522870582833 0.169960305076961 0.209688251191807 0.190126464040306 0.00025169868144996 0.0629238285955732 0.000755096044349881 0.18877148578672
156 0.17740083169983 0.168938708582888 0.20981891203689 0.189161559184084 0.000254763951867553 0.0634152331722093 0.00076429185560266 0.190245699516628
157 0.177283112059097 0.1679426186667 0.209947588625585 0.188218824161455 0.000257773445833988 0.0638941906759569 0.000773320337501964 0.191682572027871
158 0.177169544563758 0.166971484693593 0.210074252680065 0.187297878028167 0.000260727173748438 0.0643609828348559 0.000782181521245313 0.193082948504568
159 0.177059967899809 0.166024755974116 0.210198881310003 0.186398332760774 0.000263625225783557 0.064815890288041 0.000790875677350671 0.194447670864123
160 0.176954226513527 0.165101883261146 0.210321456657074 0.185519794858763 0.000266467766485967 0.0652591919108866 0.000799403299457901 0.19577757573266
161 0.176852170558643 0.164202320075877 0.210441965549418 0.184661866801549 0.000269255029534933 0.0656911642240931 0.000807765088604799 0.197073492672279
162 0.176753655818095 0.163325523876812 0.210560399167402 0.183824148369676 0.000271987312670862 0.066112080879333 0.000815961938012585 0.198336242637999
163 0.176658543604672 0.162470957084951 0.210676752721724 0.183006237839335 0.000274664972802847 0.0665222122145266 0.000823994918408542 0.19956663664358
164 0.176566700644406 0.161638087977649 0.210791025144612 0.182207733059011 0.000277288421302321 0.0669218248722783 0.000831865263906963 0.200765474616835
165 0.176477998946076 0.16082639146279 0.210903218794677 0.181428232416718 0.000279858119487881 0.0673111814754467 0.000839574358463643 0.20193354442634
166 0.176392315659811 0.160035349744178 0.211013339175757 0.180667335705956 0.000282374574304628 0.0676905403542699 0.000847123722913883 0.20307162106281
167 0.176309532927393 0.159264452888275 0.211121394669913 0.179924644898083 0.000284838334199737 0.0680601553198844 0.00085451500259921 0.204180465959653
168 0.176229537726528 0.158513199301711 0.21122739628459 0.17919976482843 0.000287249985194616 0.0684202754794905 0.000861749955583848 0.205260826438471
169 0.176152221711037 0.157781096128236 0.211331357413859 0.178492303803067 0.000289610147152769 0.0687711450887973 0.000868830441458307 0.206313435266392
170 0.176077481048638 0.157067659573161 0.211433293613499 0.177801874132718 0.000291919470241411 0.0691130034377544 0.000875758410724232 0.207339010313263
171 0.176005216257775 0.156372415162662 0.211533222389642 0.177128092599925 0.000294178631583967 0.069446084765915 0.0008825358947519 0.208338254297745
172 0.175935332044684 0.155694897944735 0.211631163000604 0.176470580865165 0.000296388332099797 0.0697706182041031 0.000889164996299392 0.209311854612309
173 0.175867737141727 0.155034652638005 0.211727136271497 0.175828965817246 0.000298549293526828 0.0700868277393544 0.000895647880580483 0.210260483218063
174 0.175802344147841 0.154391233734081 0.211821164421127 0.175202879872932 0.000300662255622208 0.0703949322003825 0.000901986766866625 0.211184796601147
175 0.175739069371794 0.153764205558627 0.211913270900729 0.174591961230396 0.00030272797353569 0.0706951452610779 0.000908183920607071 0.212085435783234
176 0.175677832678801 0.153153142295882 0.212003480243979 0.173995854080784 0.000304747215350035 0.0709876754597883 0.000914241646050105 0.212963026379365
177 0.175618557340977 0.152557627980918 0.212091817927792 0.1734142087818 0.00030672075978251 0.0712727262323457 0.000920162279347531 0.213818178697037
178 0.175561169891935 0.151977256463528 0.212178310243345 0.172846681996993 0.000308649394041319 0.0715504959570082 0.000925948182123958 0.214651487871025
179 0.175505599985825 0.151411631347286 0.212262984176812 0.172292936804075 0.00031053391183068 0.0718211780096697 0.000931601735492039 0.215463534029009
180 0.175451780260976 0.150860365906963 0.212345867299263 0.171752642775376 0.000312375111498187 0.0720849608278574 0.000937125334494562 0.216254882483572
181 0.175399646208282 0.150323082987189 0.212426987665227 0.171225476033263 0.000314173794318074 0.0723420279821915 0.000942521382954221 0.217026083946575
182 0.175349136044387 0.14979941488497 0.212506373719389 0.170711119283147 0.000315930762903984 0.0725925582541227 0.000947792288711953 0.217777674762368
183 0.175300190589709 0.149289003218383 0.212584054210942 0.17020926182644 0.000317646819744958 0.0728367257188864 0.000952940459234873 0.218510177156659
184 0.175252753151271 0.148791498783577 0.212660058115112 0.169719599555671 0.000319322765858371 0.0730746998327339 0.000957968297575112 0.219224099498202
185 0.175206769410312 0.148306561401949 0.212734414561393 0.169241834933736 0.000320959399553733 0.073306645523599 0.000962878198661199 0.219919936570797
186 0.175162187314591 0.147833859759197 0.21280715276806 0.16877567695912 0.000322557515301346 0.0735327232844567 0.000967672545904037 0.22059816985337
187 0.17511895697531 0.147373071237758 0.212878301982524 0.168320841118739 0.000324117902699998 0.0737530892687174 0.000972353708099994 0.221259267806152
188 0.175077030568525 0.146923881743977 0.212947891427148 0.167877049329914 0.000325641345538044 0.0739678953870709 0.000976924036614133 0.221903686161213
189 0.175036362240944 0.146485985531205 0.213015950250129 0.167444029872862 0.000327128620942388 0.0741772894052727 0.000981385862827165 0.222531868215818
190 0.174996908019969 0.146059085019902 0.213082507481083 0.16702151731493 0.000328580498610086 0.074381415042419 0.000985741495830259 0.223144245127257
191 0.174958625727845 0.145642890615671 0.213147591991011 0.166609252427724 0.000329997740117491 0.0745804120693196 0.000989993220352473 0.223741236207959
192 0.174921474899779 0.145237120526074 0.213211232456307 0.166206982098133 0.00033138109830205 0.0747744164066248 0.000994143294906149 0.224323249219874
193 0.174885416705868 0.14484150057695 0.213273457326506 0.165814459234197 0.000332731316712074 0.0749635602224077 0.000998193950136223 0.224890680667223
194 0.174850413876702 0.144455764028892 0.213334294795509 0.165431442666633 0.00033404912912002 0.0751479720289459 0.00100214738736006 0.225443916086838
195 0.174816430632491 0.144079651394435 0.213393772775988 0.165057697046783 0.000335335259094993 0.0753277767784807 0.00100600577728498 0.225983330335442
196 0.174783432615561 0.143712910256453 0.213451918876748 0.164692992741657 0.000336590419630432 0.0755030959577648 0.0010097712588913 0.226509287873294
197 0.17475138682608 0.143355295088191 0.213508760382798 0.16433710572668 0.000337815312823095 0.0756740476812396 0.00101344593846929 0.227022143043719
198 0.174720261560875 0.143006567075291 0.213564324237925 0.163989817476686 0.000339010629599678 0.075840746782706 0.00101703188879903 0.227522240348118
199 0.174690026355193 0.142666493940137 0.21361863702955 0.163650914855652 0.000340177049487592 0.0760033049053795 0.00102053114846278 0.228009914716139
200 0.174660651927272 0.142334849768778 0.213671724975705 0.163320190005596 0.000341315240426617 0.0761618305902355 0.00102394572127985 0.228485491770706
201 0.1746321101256 0.142011414840655 0.213723613913924 0.162997440235048 0.000342425858618301 0.0763164293625747 0.0010272775758549 0.228949288087724
202 0.174604373878722 0.14169597546132 0.213774329291911 0.16268246790741 0.000343509548410191 0.0764672038167488 0.00103052864523057 0.229401611450246
203 0.174577417147477 0.141388323798306 0.213823896159818 0.162375080329535 0.000344566942212122 0.0766142536990039 0.00103370082663637 0.229842761097012
204 0.174551214879556 0.141088257720254 0.213872339163999 0.162075089640782 0.000345598660441957 0.0767576759884105 0.00103679598132587 0.230273027965231
205 0.17452574296625 0.140795580639423 0.213919682542106 0.161782312702788 0.00034660531149834 0.0768975649758599 0.00103981593449502 0.23069269492758
206 0.1745009782013 0.140510101357624 0.213965950119413 0.161496570990163 0.000347587491758159 0.0770340123411167 0.00104276247527448 0.23110203702335
207 0.174476898241727 0.140231633915656 0.21401116530625 0.161217690482288 0.000348545785596562 0.077167107227923 0.00104563735678969 0.231501321683769
208 0.174453481570556 0.139959997446265 0.214055351096442 0.16094550155638 0.000349480765427519 0.0772969363171618 0.00104844229628256 0.231890808951485
209 0.174430707461328 0.139695016030651 0.214098530066669 0.160679838881949 0.000350392991763032 0.0774235838980878 0.00105117897528909 0.232270751694263
210 0.174408555944322 0.139436518558521 0.214140724376653 0.160420541316769 0.000351283013289229 0.0775471319376443 0.00105384903986769 0.232641395812933
211 0.174387007774391 0.139184338591688 0.214181955770079 0.16016745180447 0.000352151366957708 0.0776676601478851 0.00105645410087312 0.233002980443655
212 0.174366044400331 0.138938314231186 0.214222245576203 0.15992041727381 0.000352998578090578 0.0777852460515271 0.00105899573427173 0.233355738154581
213 0.174345647935715 0.13869828798788 0.214261614712052 0.159679288539715 0.000353825160497779 0.0778999650456619 0.00106147548149334 0.233699895136986
214 0.174325801131103 0.138464106656542 0.214300083685161 0.159443920206143 0.000354631616605355 0.0780118904636574 0.00106389484981606 0.234035671390972
215 0.174306487347568 0.138235621193327 0.214337672596806 0.1592141705708 0.000355418437593428 0.0781210936352815 0.00106625531278028 0.234363280905844
216 0.17428769053147 0.138012686596624 0.214374401145645 0.158989901531754 0.000356186103542748 0.0782276439450841 0.00106855831062824 0.234682931835252
217 0.174269395190413 0.137795161791214 0.214410288631753 0.158770978495969 0.000356935083588738 0.0783316088890739 0.00107080525076621 0.234994826667222
218 0.17425158637032 0.137582909515684 0.214445353960987 0.158557270289776 0.000357665836082066 0.0784330541297265 0.0010729975082462 0.23529916238918
219 0.174234249633578 0.137375796213022 0.21447961564964 0.158348649071283 0.000358378808754821 0.0785320435493645 0.00107513642626446 0.235596130648094
220 0.174217371038198 0.137173691924355 0.214513091829356 0.15814499024474 0.00035907443889147 0.0786286393019466 0.00107722331667441 0.23588591790584
221 0.174200937117928 0.136976470185728 0.214545800252263 0.15794617237684 0.000359753153503803 0.0787229018633064 0.00107925946051141 0.236168705589919
222 0.174184934863287 0.136784007927891 0.214577758296297 0.157752077114963 0.000360415369509174 0.0788148900798812 0.00108124610852752 0.236444670239644
223 0.174169351703452 0.136596185379001 0.214608982970686 0.157562589107338 0.000361061493911373 0.0789046612159695 0.00108318448173412 0.236713983647908
224 0.174154175488987 0.136412885970171 0.214639490921567 0.157377595925113 0.000361691923983524 0.078992270999557 0.00108507577195057 0.236976812998671
225 0.174139394475331 0.136233996243813 0.214669298437721 0.157196987986318 0.000362307047452472 0.0790777736667517 0.00108692114235742 0.237233321000255
226 0.17412499730705 0.136059405764678 0.214698421456387 0.157020658481684 0.000362907242684147 0.079161222004866 0.00108872172805244 0.237483666014598
227 0.174110973002775 0.135889007033549 0.214726875569154 0.156848503302308 0.000363492878869447 0.0792426673941842 0.00109047863660834 0.237728002182553
228 0.174097310940825 0.135722695403487 0.214754676027898 0.156680420969129 0.000364064316210229 0.079322159848455 0.00109219294863069 0.237966479545365
229 0.17408400084546 0.135560368998596 0.214781837750761 0.156516312564184 0.000364621906105011 0.0793997480541448 0.00109386571831503 0.238199244162434
230 0.174071032773737 0.1354019286352 0.214808375328145 0.156356081663626 0.000365165991334073 0.0794754794084891 0.00109549797400222 0.238426438225467
231 0.17405839710295 0.135247277745391 0.214834303028716 0.156199634272451 0.000365696906243605 0.0795494000563792 0.00109709071873081 0.238648200169137
232 0.174046084518612 0.135096322302874 0.214859634805404 0.156046878760926 0.000366214976928655 0.0796215549261173 0.00109864493078596 0.238864664778352
233 0.174034086002957 0.134948970751031 0.214884384301385 0.155897725802661 0.000366720521414614 0.079691987764077 0.00110016156424384 0.239075963292231
234 0.17402239282394 0.134805133933156 0.214908564856041 0.155752088314311 0.000367213849837006 0.079760741168301 0.00110164154951102 0.239282223504903
235 0.174010996524712 0.134664725024787 0.214932189510883 0.155609881396859 0.000367695264619394 0.0798278566210702 0.00110308579385818 0.239483569863211
236 0.173999888913535 0.134527659468073 0.214955271015441 0.155471022278453 0.000368165060649211 0.0798933745204754 0.00110449518194763 0.239680123561426
237 0.173989062054132 0.13439385490812 0.21497782183309 0.155335430258757 0.000368623525451378 0.0799573342110238 0.00110587057635413 0.239872002633071
238 0.173978508256442 0.134263231131249 0.21499985414684 0.155203026654789 0.000369070939359551 0.0800197740133106 0.00110721281807865 0.240059322039932
239 0.173968220067757 0.134135710005117 0.215021379865052 0.1550737347482 0.000369507575684887 0.0800807312527837 0.00110852272705466 0.240242193758351
240 0.173958190264242 0.134011215420632 0.215042410627098 0.154947479733967 0.00036993370088223 0.0801402422876328 0.00110980110264669 0.240420726862899
241 0.173948411842789 0.133889673235619 0.21506295780895 0.154824188670468 0.000370349574713619 0.0801983425358297 0.00111104872414086 0.240595027607489
242 0.173938878013221 0.133771011220177 0.215083032528692 0.154703790430892 0.000370755450409051 0.0802550665013453 0.00111226635122715 0.240765199504036
243 0.173929582190807 0.133655159003668 0.215102645651967 0.154586215655966 0.000371151574824434 0.0803104477995734 0.0011134547244733 0.24093134339872
244 0.173920517989087 0.133542048023306 0.215121807797336 0.154471396707953 0.000371538188596683 0.0803645191819826 0.00111461456579005 0.241093557545948
245 0.173911679212984 0.133431611474272 0.215140529341563 0.154359267625899 0.000371915526295919 0.0804173125600246 0.00111574657888776 0.241251937680074
246 0.173903059852194 0.133323784261326 0.215158820424817 0.154249764082085 0.000372283816574737 0.08046885902832 0.00111685144972421 0.24140657708496
247 0.173894654074845 0.13321850295186 0.215176690955785 0.154142823339661 0.000372643282314535 0.0805191888871477 0.0011179298469436 0.241557566661443
248 0.173886456221404 0.133115705730351 0.215194150616711 0.15403838421143 0.000372994140768878 0.0805683316642571 0.00111898242230663 0.241704994992771
249 0.173878460798823 0.133015332354166 0.215211208868339 0.153936387019743 0.000373336603703899 0.0806163161360281 0.0011200098111117 0.241848948408084
250 0.173870662474924 0.132917324110673 0.215227874954776 0.153836773557493 0.000373670877535743 0.0806631703479979 0.00112101263260723 0.241989511043994
251 0.173863056072994 0.132821623775634 0.215244157908263 0.153739487050147 0.000373997163465053 0.0807089216347756 0.00112199149039516 0.242126764904327
252 0.173855636566598 0.132728175572816 0.215260066553865 0.15364447211883 0.000374315657608514 0.0807535966393642 0.00112294697282554 0.242260789918092
253 0.173848399074589 0.132636925134796 0.215275609514071 0.153551674744394 0.000374626551127486 0.0807972213319099 0.00112387965338246 0.24239166399573
254 0.173841338856309 0.132547819464922 0.215290795213307 0.153461042232463 0.000374930030353721 0.080839821027896 0.00112479009106116 0.242519463083688
255 0.173834451306977 0.132460806900387 0.215305631882359 0.153372523179432 0.000375226276912225 0.080881420405799 0.00112567883073668 0.242644261217397
256 0.17382773195325 0.132375837076385 0.215320127562719 0.153286067439375 0.00037551546784127 0.0809220435242268 0.00112654640352381 0.24276613057268
257 0.17382117644895 0.132292860891315 0.215334290110834 0.153201626091857 0.000375797775709592 0.0809617138385514 0.00112739332712878 0.242885141515654
