"G" "A1D1X" "A2D1X" "A1D1Y" "A2D1Y" "A1D2X" "A2D2X" "A1D2Y" "A2D2Y"
1 0.202488708967938 0.297129561873838 0.202599489211252 0.297245333214174 4.49146759696473e-05 8.93120072299688e-05 0.000134744027908942 0.000267936021689907
2 0.202532015967944 0.297162107923986 0.202616697457905 0.297248054605508 2.98572822692452e-05 8.04237288949006e-05 8.95718468077357e-05 0.000241271186684702
3 0.202542166812992 0.297161167267198 0.202619028508861 0.297246381308796 2.50579252744267e-05 8.27561002637938e-05 7.51737758232802e-05 0.000248268300791381
4 0.202542899317942 0.297153746086066 0.202619185858566 0.29723960761918 2.31281998826623e-05 8.80120796784565e-05 6.9384599647987e-05 0.00026403623903537
5 0.202541795619272 0.297143112889644 0.202619628387273 0.297230227404801 2.20179855648157e-05 9.42909391877291e-05 6.6053956694447e-05 0.000282872817563187
6 0.20254000344925 0.297130875509977 0.202620160124294 0.297219623820635 2.11576172335503e-05 0.000101176656727559 6.34728517006508e-05 0.000303529970182678
7 0.202537788141639 0.297117426615347 0.202620700965589 0.297208132594783 2.03882873797871e-05 0.000108599633280269 6.11648621393613e-05 0.000325798899840808
8 0.202535207360063 0.297102815039161 0.202621229313002 0.297195796918562 1.96652380610022e-05 0.000116572604241756 5.89957141830067e-05 0.000349717812725269
9 0.20253226322721 0.297086995282126 0.202621740228721 0.297182581718075 1.897539381868e-05 0.000125129492148144 5.69261814560401e-05 0.000375388476444431
10 0.202528941833923 0.297069892827126 0.202622233271716 0.297168428596305 1.83145035048472e-05 0.000134311364227463 5.49435105145417e-05 0.000402934092682389
11 0.20252522369635 0.297051420945957 0.202622709173851 0.297153269674539 1.76807965494198e-05 0.000144163330776343 5.30423896482594e-05 0.000432489992329028
12 0.202521086489289 0.297031484802041 0.202623168941366 0.297137030907669 1.70732221107766e-05 0.000154733992798029 5.12196663323298e-05 0.000464201978394086
13 0.202516505704456 0.297009982193288 0.202623613616993 0.297119632676248 1.64909600112928e-05 0.000166075492242274 4.94728800338785e-05 0.000498226476726821
14 0.202511454743614 0.296986803384583 0.202624044221826 0.2971009896563 1.59332846364829e-05 0.000178243713782738 4.77998539094488e-05 0.000534731141348214
15 0.202505904852245 0.29696183067508 0.202624461745848 0.297081010482944 1.53995268373732e-05 0.00019129853413341 4.61985805121197e-05 0.00057389560240023
16 0.20249982500308 0.296934937870263 0.202624867151373 0.297059597341106 1.48890630912731e-05 0.000205304095453274 4.46671892738193e-05 0.000615912286359821
17 0.202493181758909 0.296905989702734 0.202625261379723 0.297036645517098 1.44013122924502e-05 0.000220329098091629 4.32039368773506e-05 0.000660987294274886
18 0.202485939122426 0.296874841212134 0.202625645358586 0.297012042918834 1.39357347275962e-05 0.000236447112277145 4.18072041827886e-05 0.000709341336831437
19 0.202478058374996 0.296841337085566 0.202626020009454 0.296985669565597 1.34918317263984e-05 0.000253736909370389 4.04754951791951e-05 0.000761210728111166
20 0.202469497904599 0.296805310957482 0.202626386255078 0.296957397046415 1.30691455695159e-05 0.000272282813537278 3.92074367085476e-05 0.000816848440611833
21 0.202460213022797 0.296766584667358 0.202626745027005 0.296927087945678 1.26672595393007e-05 0.000292175074751344 3.8001778617902e-05 0.000876525224254031
22 0.202450155770424 0.296724967473342 0.202627097273326 0.296894595234451 1.22857980827468e-05 0.000313510264031429 3.68573942482405e-05 0.000940530792094286
23 0.202439274711698 0.296680255220048 0.202627443966744 0.296859761625997 1.19244270795447e-05 0.00033639169179857 3.57732812386342e-05 0.00100917507539571
24 0.202427514716476 0.296632229458761 0.202627786113105 0.296822418894013 1.1582854214638e-05 0.00036092985019633 3.47485626439141e-05 0.00108278955058899
25 0.202414816730393 0.296580656518425 0.202628124760534 0.296782387152175 1.12608294564963e-05 0.000387242880161941 3.37824883694889e-05 0.00116172864048582
26 0.202401117532672 0.296525286525922 0.202628461009307 0.296739474093693 1.09581456427972e-05 0.000415457063958731 3.28744369283916e-05 0.00124637119187619
27 0.202386349481486 0.296465852374373 0.202628796022637 0.296693474189682 1.06746391752882e-05 0.000445707343780313 3.20239175258647e-05 0.00133712203134094
28 0.202370440246776 0.29640206863842 0.202629131038531 0.296644167845329 1.04101908255218e-05 0.000478137866910157 3.12305724765655e-05 0.00143441360073047
29 0.202353312530598 0.296333630435765 0.202629467382906 0.296591320513068 1.01647266529934e-05 0.00051290255776243 3.04941799589801e-05 0.00153870767328729
30 0.202334883775125 0.296260212234626 0.202629806484169 0.296534681762186 9.93821903696665e-06 0.000550165716936702 2.98146571108999e-05 0.00165049715081011
31 0.202315065858623 0.296181466607217 0.202630149889486 0.296473984304641 9.73068782294468e-06 0.000590102647185388 2.91920634688341e-05 0.00177030794155616
32 0.202293764779863 0.296097022929926 0.202630499282994 0.296408942977228 9.54220158431921e-06 0.000632900305912846 2.86266047529576e-05 0.00189870091773854
33 0.202270880331653 0.296006486031474 0.20263085650622 0.296339253680683 9.3728789992025e-06 0.000678757983493172 2.81186369976075e-05 0.00203627395047951
34 0.202246305764374 0.295909434791167 0.202631223581026 0.296264592276854 9.22289034179074e-06 0.000727888006303027 2.76686710253722e-05 0.00218366401890908
35 0.202219927440728 0.295805420690176 0.202631602735407 0.296184613445703 9.09245908681616e-06 0.000780516462909671 2.72773772604485e-05 0.00234154938872901
36 0.20219162448317 0.295693966319876 0.202631996432541 0.296098949504614 8.98186362469631e-06 0.000836883951325027 2.69455908740889e-05 0.00251065185397508
37 0.20216126841589 0.295574563852432 0.202632407403481 0.296007209193356 8.89143908386566e-06 0.000897246344626542 2.6674317251597e-05 0.00269173903387963
38 0.202128722803592 0.295446673480208 0.202632838683978 0.295908976429014 8.8215792554562e-06 0.000961875571546685 2.64647377663686e-05 0.00288562671464005
39 0.202093842889819 0.295309721832136 0.20263329365593 0.29580380903631 8.7727386139604e-06 0.00103106040783709 2.63182158418812e-05 0.00309318122351126
40 0.20205647523804 0.295163100376946 0.202633776094032 0.295691237460029 8.7454344257389e-06 0.00110510727331259 2.62363032772167e-05 0.00331532181993777
41 0.202016457379347 0.295006163825145 0.202634290218229 0.29557076346767 8.74024893520655e-06 0.00118434102846715 2.62207468056197e-05 0.00355302308540145
42 0.20197361747123 0.294838228543869 0.202634840752674 0.295441858852079 8.75783161622102e-06 0.00126910576342079 2.62734948486631e-05 0.00380731729026236
43 0.201927773972612 0.2946585710012 0.202635432991893 0.295303964145606 8.79890147358839e-06 0.00135976557069857 2.63967044207652e-05 0.00407929671209572
44 0.20187873534111 0.294466426259265 0.202636072874989 0.29515648735931 8.86424937667162e-06 0.00145670529195503 2.65927481300149e-05 0.00437011587586508
45 0.20182629975934 0.294260986538429 0.202636767068708 0.294998802762955 8.95474040382325e-06 0.00156033122723796 2.68642212114698e-05 0.00468099368171389
46 0.201770254897991 0.294041399878159 0.202637523060318 0.294830249723897 9.07131617275297e-06 0.00167107179373595 2.72139485182589e-05 0.00501321538120786
47 0.201710377724355 0.293806768923598 0.20263834926124 0.294650131625585 9.21499712797664e-06 0.00178937811917768 2.76449913839299e-05 0.00536813435753305
48 0.201646434366052 0.293556149870672 0.202639255122479 0.294457714889151 9.38688475217758e-06 0.00191572455315927 2.81606542565327e-05 0.00574717365947781
49 0.201578180040722 0.293288551606448 0.202640251262903 0.294252228124543 9.58816366365421e-06 0.00205060907768219 2.87644909909626e-05 0.00615182723304656
50 0.201505359063573 0.293002935085577 0.202641349611457 0.294032861440714 9.82010355705358e-06 0.00219455359611246 2.94603106711607e-05 0.00658366078833737
51 0.201427704945742 0.292698212987859 0.202642563564417 0.293798765947617 1.00840609393348e-05 0.00234810407765189 3.02521828180044e-05 0.00704431223295566
52 0.201344940597518 0.292373249706174 0.202643908158758 0.293549053485979 1.03814806074249e-05 0.00251183053228502 3.11444418222746e-05 0.00753549159685507
53 0.201256778651481 0.292026861718175 0.20264540026268 0.293282796624098 1.07138968083972e-05 0.00268632678908303 3.21416904251916e-05 0.00805898036724909
54 0.201162921921509 0.291657818399067 0.202647058784242 0.292999028964025 1.10829340173185e-05 0.00287221004877185 3.32488020519556e-05 0.00861663014631554
55 0.201063064014406 0.291264843336392 0.202648904898947 0.292696745802465 1.14903072622997e-05 0.00307012017968534 3.44709217868992e-05 0.00921036053905603
56 0.200956890111422 0.290846616210773 0.202650962296918 0.292374905194335 1.19378219209021e-05 0.00328071872471694 3.58134657627062e-05 0.00984215617415083
57 0.200844077937273 0.29040177530888 0.202653257450092 0.292032429469072 1.2427372907084e-05 0.00350468758576368 3.72821187212519e-05 0.010514062757291
58 0.200724298934169 0.289928920736185 0.202655819899511 0.29166820725129 1.29609431635389e-05 0.00374272735154791 3.88828294906167e-05 0.0112281820546437
59 0.200597219657904 0.289426618397128 0.202658682562429 0.29128109603809 1.35406013708308e-05 0.0039955552347415 4.06218041124925e-05 0.0119866657042245
60 0.200462503412061 0.288893404808834 0.202661882058429 0.290869925384924 1.41684987824626e-05 0.00426390258515546 4.25054963473877e-05 0.0127917077554664
61 0.200319812134759 0.288327792811132 0.202665459053178 0.290433500750337 1.48468650942329e-05 0.00454851194755417 4.45405952826986e-05 0.0136455358426625
62 0.200168808550098 0.287728278230113 0.202669458617722 0.289970608046749 1.55780032572871e-05 0.00485013363557194 4.67340097718613e-05 0.0145504009067158
63 0.200009158593331 0.287093347544391 0.20267393060044 0.289480018939589 1.6364283147502e-05 0.00516952179741475 4.90928494425061e-05 0.0155085653922443
64 0.199840534114872 0.286421486592348 0.202678930007811 0.288960496930236 1.72081340096255e-05 0.00550742995467378 5.16244020288766e-05 0.0165222898640213
65 0.199662615863329 0.285711190344744 0.202684517389123 0.288410804249208 1.81120356032654e-05 0.00586460600279586 5.43361068097962e-05 0.0175938180083876
66 0.199475096741912 0.284960973749783 0.20269075921911 0.28782970957463 1.90785079897073e-05 0.00624178667065166 5.72355239691218e-05 0.018725360011955
67 0.199277685325722 0.284169383637126 0.202697728271256 0.287215996577151 2.01100999139036e-05 0.00663969144727228 6.03302997417109e-05 0.0199190743418168
68 0.199070109619654 0.283335011643286 0.202705503973215 0.286568473276066 2.12093757550046e-05 0.00705901599618995 6.36281272650139e-05 0.0211770479885698
69 0.198852121027951 0.282456508093503 0.202714172734485 0.285885982172537 2.23789010415771e-05 0.00750042509183943 6.71367031247312e-05 0.0225012752755183
70 0.198623498497144 0.281532596744957 0.202723828235145 0.285167411104578 2.36212265541284e-05 0.00796454512798968 7.08636796623852e-05 0.023893635383969
71 0.198384052784113 0.280562090263423 0.202734571663269 0.284411704745287 2.49388710675053e-05 0.00845195626490949 7.48166132025158e-05 0.0253558687947285
72 0.198133630790927 0.279543906271097 0.202746511887499 0.283617876641022 2.63343028187692e-05 0.00896318429954527 7.90029084563075e-05 0.0268895528986358
73 0.197872119898029 0.278477083768135 0.202759765550418 0.282785021660519 2.78099198216577e-05 0.00949869236090316 8.3429759464973e-05 0.0284960770827095
74 0.197599452217761 0.277360799695757 0.202774457067794 0.281912328700081 2.9368029185901e-05 0.0100588725504658 8.8104087557703e-05 0.0301766176513974
75 0.197315608681695 0.27619438537592 0.202790718518542 0.280999093464845 3.10108256374414e-05 0.0106440376641121 9.30324769123241e-05 0.0319321129923362
76 0.197020622868092 0.274977342533149 0.202808689410598 0.280044731122917 3.27403694727661e-05 0.0112544131468383 9.82211084182982e-05 0.033763239440515
77 0.196714584470799 0.273709358579805 0.202828516308718 0.279048788608882 3.45585642157188e-05 0.0118901294437332 0.000103675692647156 0.0356703883311996
78 0.196397642308346 0.272390320828608 0.202850352311703 0.278010956337225 3.64671342767811e-05 0.0125512149192529 0.000109401402830343 0.0376536447577587
79 0.196070006772538 0.271020329287279 0.20287435636872 0.276931079075571 3.84676029413618e-05 0.0132375895210315 0.000115402808824085 0.0397127685630945
80 0.195731951619818 0.269599707691177 0.202900692427274 0.275809165723681 4.05612710335607e-05 0.0139490593634792 0.000121683813100682 0.0418471780904374
81 0.19538381501634 0.268129012442025 0.202929528408924 0.274645397747579 4.27491966137914e-05 0.0146853123996693 0.000128247589841374 0.0440559371990079
82 0.195025999759293 0.266609039145015 0.202961035013108 0.273440136029917 4.5032176071366e-05 0.0154459153370954 0.000135096528214098 0.0463377460112861
83 0.194658972612347 0.265040826473007 0.202995384354189 0.272193925917928 4.74107269658063e-05 0.0162303119336664 0.000142232180897419 0.0486909358009992
84 0.194283262712036 0.263425657134892 0.203032748442071 0.270907500279207 4.98850729527831e-05 0.0170378227849955 0.000149655218858349 0.0511134683549865
85 0.193899459023851 0.261765055784484 0.203073297522213 0.26958178041251 5.24551311021997e-05 0.017867646683133 0.000157365393306599 0.0536029400493992
86 0.193508206851169 0.260060783774888 0.203117198296338 0.268217874704981 5.51205018775377e-05 0.0187188635912785 0.000165361505632613 0.0561565907738356
87 0.193110203425936 0.258314830738902 0.203164612050486 0.266817074977308 5.78804619981693e-05 0.0195904392398439 0.000173641385994508 0.0587713177195317
88 0.19270619263629 0.256529403055901 0.203215692721847 0.265380850512575 6.07339603514044e-05 0.0204812313079954 0.000182201881054213 0.0614436939239862
89 0.19229695897183 0.254706909346563 0.203270584939962 0.263910839820935 6.36796170604691e-05 0.0213899971131168 0.000191038851181407 0.0641699913393504
90 0.191883320790933 0.252849943215437 0.203329422081005 0.262408840248548 6.67157257505832e-05 0.0223154026902687 0.00020014717725175 0.066946208070806
91 0.19146612303519 0.250961263534259 0.20339232437586 0.260876795593045 6.9840258990208e-05 0.0232560331064214 0.000209520776970624 0.0697680993192641
92 0.191046229532801 0.249043772622949 0.203459397113328 0.25931678193704 7.30508768207599e-05 0.0242104038216499 0.00021915263046228 0.0726312114649498
93 0.190624515044648 0.247100492737613 0.203530728979049 0.257730991953701 7.63449382279399e-05 0.0251769728830192 0.00022903481468382 0.0755309186490576
94 0.190201857213441 0.245134541313402 0.203606390568481 0.256121717972604 7.97195153533744e-05 0.0261541537176646 0.000239158546060123 0.0784624611529939
95 0.189779128577277 0.24314910543339 0.203686433108659 0.25449133411862 8.31714101982095e-05 0.0271403282803152 0.000249514230594628 0.0814209848409456
96 0.189357188804427 0.241147416002048 0.203770887418573 0.252842277850771 8.66971735319221e-05 0.0281338603075135 0.000260091520595766 0.0844015809225406
97 0.188936877296295 0.239132722093564 0.203859763132068 0.251177031231548 9.02931256907158e-05 0.0291331084359406 0.000270879377072147 0.0873993253078219
98 0.188519006291023 0.237108265922299 0.203953048200367 0.249498102250537 9.39553789307502e-05 0.030136438955013 0.000281866136792251 0.090409316865039
99 0.188104354581837 0.235077258846582 0.204050708684072 0.247808006509944 9.76798609919768e-05 0.0311422379833992 0.00029303958297593 0.0934267139501975
100 0.187693661942997 0.233042858770224 0.204152688836941 0.2461092495552 0.000101462339527945 0.0321489228841318 0.000304387018583836 0.0964467686523954
101 0.187287624333081 0.231008149250973 0.204258911476396 0.244404310102485 0.000105298447064726 0.0331549527622017 0.000315895341194178 0.099464858286605
102 0.186886889921515 0.228976120564626 0.20436927862867 0.242695624378691 0.000109183706166937 0.0341588379204575 0.00032755111850081 0.102476513761372
103 0.186492055960597 0.226949652910258 0.204483672430167 0.240985571749615 0.000113113554509494 0.0351591481828315 0.000339340663528483 0.105477444548494
104 0.186103666502842 0.224931501878821 0.204601956261157 0.239276461770927 0.000117083369578807 0.0361545200269846 0.00035125010873642 0.108463560080954
105 0.185722210943013 0.222924286246506 0.204723976083457 0.23757052275525 0.000121088492755385 0.0371436625001882 0.000363265478266155 0.111430987500564
106 0.185348123346213 0.220930478097712 0.204849561950443 0.235869891909018 0.000125124252560052 0.0381253619215936 0.000375372757680157 0.114376085764781
107 0.184981782508484 0.218952395231862 0.204978529655608 0.234176607055743 0.000129185986876983 0.0390984854001989 0.00038755796063095 0.117295456200597
108 0.184623512684551 0.216992195764619 0.20511068248486 0.232492599929033 0.00013326906399781 0.0400619832202365 0.000399807191993429 0.120185949660709
109 0.184273584908813 0.215051874798031 0.205245813037827 0.230819690989582 0.000137368902361159 0.0410148901640755 0.000412106707083477 0.123044670492226
110 0.183932218830269 0.213133263005896 0.20538370508452 0.229159585695982 0.000141480988890759 0.0419563258569424 0.000424442966672276 0.125868977570827
111 0.183599584979611 0.211238026960092 0.205524135425559 0.227513872139586 0.000145600895862099 0.0428854942279258 0.000436802687586297 0.128656482683777
112 0.183275807386789 0.209367671010352 0.205666875726758 0.225884019938816 0.000149724296252414 0.0438016821880686 0.000449172888757241 0.131405046564206
113 0.182960966469753 0.207523540523201 0.205811694301941 0.224271380277911 0.000153846977551154 0.0447042576292475 0.000461540932653461 0.134112772887742
114 0.182655102119196 0.205706826284887 0.205958357821307 0.222677186968866 0.000157964854028183 0.0455926668474075 0.000473894562084548 0.136778000542223
115 0.18235821690971 0.203918569877076 0.206106632926318 0.221102558412737 0.000162073977474577 0.046466431491065 0.000486221932423732 0.139399294473195
116 0.182070279374332 0.202159669841978 0.206256287735748 0.219548500337024 0.000166170546446232 0.047325145131283 0.000498511639338697 0.141975435393849
117 0.181791227286655 0.200430888464615 0.206407093231229 0.218015909189049 0.000170250914053569 0.0481684695430596 0.000510752742160707 0.144505408629179
118 0.181520970902176 0.198732859013089 0.206558824514054 0.21650557607052 0.00017431159435161 0.0489961307806884 0.00052293478305483 0.146988392342065
119 0.181259396118097 0.197066093292441 0.206711261928278 0.215018191105367 0.000178349267393694 0.0498079151215605 0.000535047802181083 0.149423745364682
120 0.181006367518086 0.19543098938313 0.206864192048049 0.213554348140939 0.000182360783019273 0.0506036649444297 0.00054708234905782 0.151810994833289
121 0.180761731275477 0.19382783945086 0.207017408529749 0.212114549691472 0.00018634316345173 0.0513832745996585 0.00055902949035519 0.154149823798976
122 0.180525317894783 0.192256837529984 0.207170712831705 0.210699212041856 0.000190293604786147 0.0521466863206318 0.00057088081435844 0.156440058961895
123 0.180296944777221 0.190718087197554 0.207323914806152 0.209308670439013 0.000194209477449538 0.0528938862175655 0.000582628432348613 0.158681658652696
124 0.18007641860113 0.189211609069166 0.207476833169602 0.207943184307321 0.00019808832571744 0.0536249003874777 0.000594264977152321 0.160874701162433
125 0.179863537512638 0.187737348060683 0.207629295858968 0.20660294243331 0.000201927866371044 0.0543397911672295 0.000605783599113132 0.163019373501689
126 0.179658093125759 0.18629518037178 0.207781140281651 0.205288068073171 0.000205725986578342 0.0550386535503314 0.000617177959735027 0.165115960650994
127 0.179459872334335 0.184884920157855 0.207932213468343 0.203998623944408 0.000209480741081313 0.0557216117826833 0.000628442223243939 0.16716483534805
128 0.179268658940757 0.183506325866204 0.20808237213766 0.202734617070058 0.000213190348768897 0.0563888161475614 0.000639571046306692 0.169166448442684
129 0.179084235108516 0.182159106220562 0.208231482681763 0.201496003450413 0.000216853188712755 0.0570404399459739 0.000650559566138265 0.171121319837922
130 0.178906382647117 0.18084292584513 0.208379421082108 0.200282692542936 0.000220467795739477 0.0576766766749377 0.00066140338721843 0.173030030024813
131 0.178734884139069 0.179557410525116 0.20852607276417 0.199094551536218 0.000224032855609262 0.0582977374032475 0.000672098566827787 0.174893212209742
132 0.178569523919328 0.178302152105838 0.208671332399652 0.197931409408303 0.00022754719986709 0.0589038483418526 0.000682641599601271 0.176711545025558
133 0.178410088918062 0.177076713036407 0.208815103664274 0.196793060763586 0.00023100980042824 0.0594952486039896 0.00069302940128472 0.178485745811969
134 0.178256369377692 0.175880630567334 0.208957298958651 0.195679269445814 0.000234419763955694 0.0600721881486719 0.000703259291867081 0.180216564446016
135 0.17810815945514 0.174713420613871 0.209097839099281 0.194589771927511 0.000237776326082577 0.0606349258999668 0.00071332897824773 0.1819047776999
136 0.177965257719954 0.17357458129885 0.209236652986033 0.193524280478465 0.000241078845528399 0.0611837280336465 0.000723236536585197 0.183551184100939
137 0.177827467558586 0.172463596190152 0.209373677251935 0.192482486117814 0.00024432679815352 0.0617188664222245 0.00073298039446056 0.185156599266674
138 0.177694597494671 0.171379937248848 0.209508855900498 0.191464061355796 0.000247519770991999 0.0622406172290546 0.000742559312975998 0.186721851687164
139 0.177566461434539 0.17032306750461 0.209642139935185 0.190468662732383 0.000250657456298883 0.062749259642022 0.000751972368896647 0.188247778926066
140 0.177442878846654 0.169292443475192 0.209773486985125 0.189495933160965 0.00025373964564398 0.063245074737372 0.000761218936931941 0.189735224212116
141 0.177323674883019 0.168287517346764 0.20990286093062 0.188545504085835 0.000256766224080435 0.0637283444643599 0.000770298672241305 0.19118503339308
142 0.177208680449961 0.167307738931604 0.210030231531498 0.187616997462704 0.000259737164412755 0.0641993507416454 0.000779211493238264 0.192598052224936
143 0.177097732235084 0.166352557419264 0.210155574060916 0.186710027571697 0.000262652521585642 0.0646583746566742 0.000787957564756927 0.193975123970022
144 0.176990672696571 0.165421422936776 0.210278868946784 0.185824202672399 0.000265512427211771 0.0651056957596558 0.000796537281635314 0.195317087278967
145 0.176887350020416 0.16451378793282 0.210400101422618 0.184959126510464 0.000268317084253748 0.0655415914441666 0.000804951252761243 0.1966247743325
146 0.176787618050608 0.163629108400098 0.210519261189244 0.184114399685213 0.000271066761872781 0.0659663364068364 0.000813200285618343 0.197899009220509
147 0.176691336196761 0.162766844949378 0.210636342088521 0.18328962088739 0.00027376179045412 0.0663802021790335 0.00082128537136236 0.1991406065371
148 0.176598369323187 0.16192646374795 0.210751341789909 0.182484388016014 0.000276402556817042 0.066783456723918 0.000829207670451126 0.200350370171754
149 0.176508587622954 0.16110743733441 0.210864261490538 0.181698299182907 0.000278989499615147 0.0671763640926826 0.00083696849884544 0.201529092278048
150 0.176421866480044 0.160309245320936 0.210975105629147 0.180930953613155 0.000281523104930857 0.0675591841342486 0.00084456931479257 0.202677552402746
151 0.176338086322336 0.159531374993472 0.21108388161415 0.180181952449329 0.000284003902066392 0.0679321722531118 0.000852011706199176 0.203796516759336
152 0.176257132467797 0.15877332181945 0.211190599565876 0.179450899466958 0.00028643245953202 0.0682955792104478 0.000859297378596058 0.204886737631343
153 0.176178894965945 0.158034589872017 0.211295272072922 0.178737401708269 0.00028880938123109 0.0686496509639808 0.00086642814369327 0.205948952891942
154 0.176103268436345 0.157314692179006 0.211397913962446 0.178041070040865 0.000291135302840264 0.068994628542494 0.000873405908520791 0.206983885627482
155 0.176030151905668 0.156613151004265 0.211498542084127 0.177361519647563 0.000293410888382335 0.0693307479512117 0.000880232665147004 0.207992243853635
156 0.175959448644586 0.155929498068326 0.211597175107449 0.176698370453235 0.000295636826988247 0.0696582401046128 0.00088691048096474 0.208974720313838
157 0.1758910660056 0.155263274714824 0.211693833331905 0.176051247494114 0.00029781382984418 0.069977330783545 0.00089344148953254 0.209931992350635
158 0.175824915262701 0.154614032028529 0.211788538509674 0.175419781234638 0.000299942627318994 0.0702882406137954 0.000899827881956981 0.210864721841386
159 0.175760911453609 0.153981330910336 0.211881313680285 0.174803607836558 0.00030202396626684 0.0705911850635363 0.00090607189880052 0.211773555190609
160 0.175698973225192 0.153364742114102 0.211972183016756 0.174202369384693 0.000304058607499361 0.0708863744573152 0.000912175822498082 0.212659123371946
161 0.17563902268256 0.152763846249766 0.212061171682696 0.173615714073376 0.000306047323421589 0.0711740140044787 0.000918141970264767 0.213522042013436
162 0.175580985242218 0.152178233756782 0.212148305699825 0.173043296357352 0.000307990895825446 0.0714543038401305 0.000923972687476338 0.214362911520391
163 0.175524789489545 0.151607504851513 0.212233611825376 0.172484777070574 0.000309890113834566 0.0717274390769134 0.000929670341503698 0.21518231723074
164 0.175470367040847 0.151051269451918 0.212317117438867 0.171939823516074 0.000311745771994094 0.0719936098660792 0.000935237315982283 0.215980829598238
165 0.175417652410088 0.150509147082501 0.212398850437698 0.171408109529844 0.000313558668499047 0.0722530014664682 0.000940676005497142 0.216759004399404
166 0.175366582880424 0.14998076676222 0.212478839141065 0.170889315521411 0.000315329603554831 0.0725057943201651 0.000945988810664493 0.217517382960495
167 0.17531709838055 0.14946576687781 0.212557112201702 0.17038312849356 0.000317059377863565 0.0727521641337309 0.000951178133590694 0.218256492401193
168 0.175269141365878 0.148963795044673 0.212633698524958 0.169889242043462 0.000318748791229916 0.0729922819640274 0.000956246373689749 0.218976845892082
169 0.175222656704503 0.148474507957322 0.212708627194738 0.169407356347272 0.000320398641280278 0.0732263143077608 0.000961195923840834 0.219678942923282
170 0.175177591567893 0.147997571231124 0.212781927405881 0.168937178130074 0.000322009722289225 0.0734544231939677 0.000966029166867676 0.220363269581903
171 0.175133895326225 0.147532659236919 0.212853628402519 0.168478420622877 0.000323582824107368 0.0736767662787578 0.000970748472322103 0.221030298836273
172 0.175091519448254 0.147079454929911 0.212923759422037 0.168030803508249 0.000325118731184848 0.0738934969417026 0.000975356193554544 0.221680490825108
173 0.175050417405612 0.146637649674092 0.212992349644224 0.167594052855981 0.000326618221684944 0.0741047643833379 0.000979854665054833 0.222314293150014
174 0.17501054458139 0.146206943063304 0.213059428145263 0.167167901050088 0.000328082066682405 0.0743107137233062 0.000984246200047213 0.222932141169918
175 0.174971858182886 0.145787042739915 0.213125023856206 0.16675208670831 0.000329511029441342 0.0745114860987292 0.000988533088324027 0.223534458296188
176 0.174934317158358 0.145377664212 0.213189165525601 0.166346354595175 0.000330905864767732 0.0747072187624488 0.000992717594303197 0.224121656287346
177 0.174897882117652 0.144978530669772 0.213251881685977 0.165950455529578 0.000332267318431737 0.0748980451808236 0.000996801955295212 0.224694135542471
178 0.174862515256551 0.144589372801961 0.213313200623879 0.165564146287746 0.000333596126655311 0.0750840951308103 0.00100078837996593 0.225252285392431
179 0.17482818028469 0.144209928612707 0.213373150353201 0.16518718950237 0.000334893015660725 0.0752654947960974 0.00100467904698218 0.225796484388292
180 0.174794842356905 0.143839943239503 0.213431758591536 0.164819353558595 0.000336158701275879 0.0754423668620892 0.00100847610382764 0.226327100586268
181 0.174762468007854 0.143479168772631 0.213489052739335 0.164460412487517 0.000337393888592433 0.0756148306095733 0.0010121816657773 0.22684449182872
182 0.174731025089776 0.143127364076462 0.213545059861624 0.164110145857742 0.000338599271673031 0.075783002006926 0.00101579781501909 0.227349006020778
183 0.174700482713249 0.142784294612979 0.213599806672093 0.163768338665511 0.000339775533304056 0.0759469938007382 0.00101932659991217 0.227840981402215
184 0.174670811190796 0.14244973226778 0.213653319519348 0.163434781223859 0.000340923344790547 0.0761069156047635 0.00102277003437164 0.22832074681429
185 0.174641981983234 0.142123455178821 0.213705624375159 0.163109269051196 0.000342043365790105 0.0762628739871075 0.00102613009737032 0.228788621961323
186 0.174613967648599 0.141805247568076 0.213756746824519 0.162791602759679 0.000343136244182776 0.0764149725555987 0.00102940873254833 0.229244917666796
187 0.174586741793565 0.141494899576308 0.213806712057386 0.162481587943689 0.000344202615974084 0.0765633120412891 0.00103260784792225 0.229689936123867
188 0.174560279027201 0.14119220710105 0.213855544861927 0.162179035068697 0.000345243105228552 0.0767079903800525 0.00103572931568566 0.230123971140158
189 0.174534554916974 0.140896971637941 0.213903269619171 0.161883759360768 0.000346258324031191 0.0768491027922552 0.00103877497209357 0.230547308376766
190 0.174509545946884 0.140609000125458 0.213949910298908 0.161595580696913 0.000347248872474606 0.0769867418604844 0.00104174661742382 0.230960225581453
191 0.174485229477612 0.140328104793139 0.213995490456754 0.161314323496495 0.000348215338669519 0.0771209976053307 0.00104464601600856 0.231362992815992
192 0.174461583708599 0.140054103013311 0.214040033232247 0.161039816613834 0.000349158298776618 0.0772519575592255 0.00104747489632986 0.231755872677676
193 0.174438587641952 0.139786817156371 0.214083561347903 0.16077189323217 0.000350078317057818 0.0773797068383433 0.00105023495117345 0.23213912051503
194 0.174416221048076 0.139526074449599 0.214126097109113 0.1605103907591 0.000350975945945091 0.0775043282125829 0.00105292783783527 0.232512984637748
195 0.174394464432961 0.139271706839533 0.214167662404827 0.160255150723597 0.00035185172612521 0.0776259021736453 0.00105555517837563 0.232877706520936
196 0.17437329900703 0.13902355085786 0.214208278708926 0.160006018674685 0.000352706186638789 0.077744507001236 0.00105811855991637 0.233233521003708
197 0.174352706655469 0.138781447490819 0.214247967082221 0.159762844081867 0.000353539844992188 0.0778602188274135 0.00106061953497656 0.23358065648224
198 0.174332669909967 0.138545242052075 0.214286748175016 0.159525480237347 0.000354353207280877 0.0779731116991178 0.00106305962184263 0.233919335097353
199 0.174313171921795 0.138314784059014 0.214324642230168 0.159293784160091 0.000355146768323016 0.0780832576389099 0.00106544030496905 0.23424977291673
200 0.174294196436153 0.138089927112429 0.214361669086594 0.159067616501789 0.000355921011802055 0.0781907267039567 0.00106776303540617 0.23457218011187
201 0.17427572776772 0.137870528779536 0.214397848183176 0.15884684145471 0.000356676410417262 0.0782955870432974 0.00107002923125179 0.234886761129892
202 0.174257750777349 0.137656450480253 0.214433198563013 0.158631326661502 0.000357413426041171 0.0783979049534295 0.00107224027812351 0.235193714860289
203 0.174240250849851 0.137447557376706 0.214467738877978 0.158420943126927 0.000358132509883001 0.0784977449322516 0.001074397529649 0.235493234796755
204 0.174223213872799 0.137243718265871 0.21450148739355 0.158215565131543 0.00035883410265719 0.0785951697314022 0.00107650230797157 0.235785509194207
205 0.174206626216322 0.137044805475305 0.214534461993873 0.158015070147334 0.000359518634756239 0.0786902404070356 0.00107855590426872 0.236070721221107
206 0.17419047471382 0.136850694761897 0.214566680187013 0.157819338755276 0.000360186526427137 0.0787830163690715 0.00108055957928141 0.236349049107215
207 0.174174746643565 0.136661265213553 0.214598159110398 0.157628254564834 0.000360838187950679 0.0788735554289619 0.00108251456385204 0.236620666286886
208 0.174159429711135 0.136476399153774 0.214628915536382 0.157441704135373 0.000361474019823065 0.078961913846011 0.00108442205946919 0.236885741538033
209 0.17414451203265 0.136295982049021 0.214658965877948 0.157259576899458 0.000362094412939206 0.0790481463722916 0.00108628323881762 0.237144439116875
210 0.174129982118755 0.136119902418834 0.214688326194495 0.157081765088029 0.000362699748777223 0.0791323062961944 0.00108809924633167 0.237396918888583
211 0.17411582885933 0.135948051748601 0.214717012197704 0.156908163657433 0.000363290399583648 0.0792144454846493 0.00108987119875094 0.237643336453948
212 0.174102041508875 0.135780324404925 0.214745039257464 0.156738670218264 0.000363866728558908 0.079294614424059 0.00109160018567672 0.237883843272177
213 0.174088609672547 0.135616617553521 0.214772422407835 0.156573184966007 0.000364429090042689 0.0793728622599797 0.00109328727012807 0.238118586779939
214 0.174075523292814 0.135456831079556 0.214799176353039 0.156411610613443 0.00036497782969883 0.0794492368355882 0.00109493348909649 0.238347710506764
215 0.174062772636691 0.135300867510382 0.214825315473466 0.156253852324783 0.000365513284699406 0.0795237847289702 0.00109653985409822 0.238571354186911
216 0.174050348283537 0.135148631940584 0.214850853831671 0.15609981765151 0.000366035783907736 0.0795965512892671 0.00109810735172321 0.238789653867801
217 0.17403824111338 0.135000031959281 0.214875805178367 0.155949416469878 0.000366545648060017 0.0796675806717137 0.00109963694418005 0.239002742015141
218 0.174026442295748 0.134854977579612 0.214900182958394 0.155802560920052 0.000367043189945386 0.0797369158716031 0.00110112956983616 0.239210747614809
219 0.174014943278978 0.13471338117034 0.214924000316655 0.155659165346844 0.00036752871458417 0.0798045987572114 0.00110258614375251 0.239413796271634
220 0.174003735779984 0.13457515738952 0.214947270104017 0.155519146242009 0.00036800251940415 0.0798706701017135 0.00110400755821245 0.23961201030514
221 0.173992811774453 0.134440223120159 0.214970004883163 0.155382422188074 0.000368464894414676 0.079935169614123 0.00110539468324403 0.239805508842369
222 0.173982163487468 0.134308497407817 0.214992216934394 0.155248913803661 0.000368916122378484 0.0799981359692866 0.00110674836713545 0.23999440790786
223 0.173971783384508 0.134179901400082 0.215013918261371 0.155118543690267 0.000369356478981079 0.0800596068369616 0.00110806943694324 0.240178820510885
224 0.173961664162842 0.134054358287867 0.215035120596797 0.15499123638047 0.000369786232997594 0.0801196189100084 0.00110935869899278 0.240358856730025
225 0.173951798743262 0.133931793248472 0.215055835408027 0.154866918287522 0.000370205646457015 0.0801782079317224 0.00111061693937104 0.240534623795167
226 0.173942180262174 0.133812133390354 0.215076073902612 0.154745517656298 0.000370614974803695 0.0802354087223367 0.00111184492441109 0.24070622616701
227 0.173932802064004 0.133695307699559 0.215095847033767 0.15462696451557 0.000371014467056097 0.0802912552047188 0.00111304340116829 0.240873765614156
228 0.173923657693913 0.133581246987751 0.215115165505763 0.154511190631563 0.000371404365962704 0.0803457804292899 0.00111421309788811 0.24103734128787
229 0.173914740890817 0.133469883841804 0.215134039779235 0.154398129462769 0.000371784908155054 0.0803990165981888 0.00111535472446516 0.241197049794567
230 0.173906045580676 0.133361152574898 0.215152480076412 0.154287716115986 0.000372156324297874 0.0804509950887089 0.00111646897289362 0.241352985266127
231 0.173897565870067 0.133254989179075 0.21517049638627 0.154179887303539 0.000372518839236278 0.0805017464760261 0.00111755651770883 0.241505239428078
232 0.173889296039997 0.133151331279204 0.215188098469587 0.154074581301667 0.000372872672140022 0.0805513005552464 0.00111861801642007 0.241653901665739
233 0.173881230539976 0.133050118088321 0.215205295863923 0.153971737910039 0.000373218036644806 0.0805996863627905 0.00111965410993442 0.241799059088372
234 0.173873363982314 0.132951290364294 0.215222097888514 0.153871298412357 0.000373555140990617 0.0806469321971395 0.00112066542297185 0.241940796591419
235 0.173865691136647 0.132854790367769 0.215238513649073 0.153773205538041 0.00037388418815713 0.0806930656389605 0.00112165256447139 0.242079196916882
236 0.173858206924676 0.132760561821356 0.215254552042506 0.153677403424941 0.000374205375996162 0.0807381135706338 0.00112261612798849 0.242214340711901
237 0.173850906415106 0.132668549870033 0.215270221761549 0.153583837583069 0.000374518897361214 0.0807821021951997 0.00112355669208364 0.242346306585599
238 0.173843784818782 0.132578701042696 0.215285531299304 0.153492454859304 0.000374824940234108 0.0808250570547442 0.00112447482070232 0.242475171164233
239 0.173836837484017 0.132490963214859 0.215300488953701 0.153403203403064 0.000375123687848741 0.0808670030482411 0.00112537106354622 0.242601009144723
240 0.173830059892087 0.132405285572426 0.215315102831865 0.153316032632898 0.000375415318812006 0.0809079644488688 0.00112624595643602 0.242723893346606
241 0.173823447652908 0.132321618576544 0.215329380854404 0.153230893203985 0.000375700007221889 0.0809479649208177 0.00112710002166567 0.242843894762453
242 0.173816996500869 0.13223991392946 0.215343330759605 0.153147736976512 0.000375977922782785 0.0809870275356057 0.00112793376834835 0.242961082606817
243 0.173810702290821 0.132160124541389 0.215356960107548 0.153066516984906 0.000376249230918071 0.081025174787916 0.00112874769275421 0.243075524363748
244 0.17380456099422 0.13208220449833 0.215370276284142 0.152987187407893 0.000376514092879984 0.0810624286109739 0.00112954227863995 0.243187285832922
245 0.173798568695408 0.132006109030825 0.215383286505066 0.152909703539368 0.000376772665856821 0.0810988103914763 0.00113031799757046 0.243296431174429
246 0.173792721588034 0.131931794483609 0.215395997819642 0.152834021760046 0.000377025103077535 0.0811343409840895 0.0011310753092326 0.243403022952269
247 0.173787015971606 0.131859218286143 0.215408417114614 0.152760099509876 0.000377271553913744 0.0811690407255263 0.00113181466174123 0.243507122176579
248 0.173781448248167 0.131788338923987 0.215420551117858 0.152687895261195 0.000377512163979217 0.0812029294482192 0.00113253649193765 0.243608788344658
249 0.173776014919091 0.131719115910998 0.215432406402003 0.152617368492601 0.000377747075226875 0.0812360264936 0.00113324122568062 0.2437080794808
250 0.173770712581996 0.131651509762317 0.215443989387988 0.152548479663531 0.000377976426043355 0.0812683507249988 0.00113392927813007 0.243805052174996
251 0.17376553792777 0.131585481968131 0.215455306348524 0.15248119018951 0.000378200351341186 0.0812999205401752 0.00113460105402356 0.243899761620526
252 0.173760487737695 0.131520994968177 0.2154663634115 0.152415462418066 0.000378418982648624 0.081330753883492 0.00113525694794587 0.243992261650476
253 0.173755558880681 0.131458012126967 0.215477166563303 0.152351259605286 0.000378632448197194 0.0813608682577434 0.00113589734459158 0.24408260477323
254 0.173750748310596 0.131396497709719 0.215487721652064 0.152288545892998 0.000378840873006993 0.0813902807356489 0.00113652261902098 0.244170842206947
255 0.173746053063683 0.131336416858958 0.215498034390843 0.152227286286551 0.000379044378969787 0.0814190079710212 0.00113713313690936 0.244257023913064
256 0.173741470256074 0.131277735571783 0.215508110360736 0.152167446633199 0.000379243084929976 0.0814470662096219 0.00113772925478993 0.244341198628866
257 0.17373699708139 0.131220420677765 0.215517955013911 0.152108993601038 0.000379437106763446 0.0814744712997105 0.00113831132029034 0.244423413899132
258 0.17373263080842 0.131164439817462 0.215527573676583 0.152051894658519 0.000379626557454376 0.0815012387022995 0.00113887967236313 0.244503716106898
