"G" "A1D1X" "A2D1X" "A1D1Y" "A2D1Y" "A1D2X" "A2D2X" "A1D2Y" "A2D2Y"
1 0.416232542180642 0.083054296251057 0.250459599535577 0.249163140427645 1.25837237084066e-07 0.000209686782727749 1.25837237084066e-07 0.00088048314787721
2 0.271226171873236 0.228145378364054 0.146550475431674 0.353117131545713 1.52359064844272e-07 0.000184748941496476 1.73275232280308e-07 0.000775768209529227
3 0.286039593839114 0.213355503511154 0.152883176043591 0.34671268129721 2.67281749913137e-07 0.000160914500422433 3.31999456220524e-07 0.000847531527301528
4 0.282902750798614 0.216412580691373 0.152254024900997 0.347299214725353 3.66501921830169e-07 0.000184223159745751 4.91383798258612e-07 0.000946347838196549
5 0.283990259212581 0.215252057237507 0.152870981843311 0.346631846177029 4.76831250013562e-07 0.000203249852225125 6.65196469657333e-07 0.001050463649627
6 0.284024811804132 0.215134826872669 0.153050874759384 0.346397920051226 5.92042423809452e-07 0.000225418786581181 8.47352634595351e-07 0.00116470833094869
7 0.284296611357783 0.21477241578031 0.153297351755305 0.346091539346149 7.1481544150618e-07 0.000249583872766974 1.04084024473604e-06 0.00129074223200019
8 0.284504649036155 0.214463972399105 0.15351787122589 0.345804813699836 8.4610204793848e-07 0.000276403373803694 1.2471989719715e-06 0.00143019696418962
9 0.284722572647016 0.214134944028449 0.153742299256245 0.345507034309015 9.87315292389564e-07 0.000306070315080135 1.46861816433051e-06 0.00158462351073734
10 0.284932862439709 0.213801625274347 0.153965622070573 0.345202447142818 1.13988333734068e-06 0.000338921316674077 1.70733241523588e-06 0.00175567454012728
11 0.285139274722471 0.213458998197437 0.154189617765042 0.344888410119916 1.30536680711067e-06 0.000375288525892879 1.96578857479406e-06 0.00194513951385905
12 0.285340308658258 0.213107161696046 0.154414018458121 0.344564253259532 1.48545628136551e-06 0.000415545754657287 2.24663351832992e-06 0.0021549800835855
13 0.285535619502679 0.212744925313852 0.154638927528923 0.344228840031697 1.68199379094831e-06 0.000460101424164453 2.55275035016676e-06 0.0023873514545425
14 0.285724506424553 0.212371301811606 0.154864326980275 0.343881052692145 1.8969891552978e-06 0.000509405049876819 2.88728292819684e-06 0.00264462276945975
15 0.285906273150736 0.211985134525927 0.155090218188974 0.343519641150867 2.13263800574206e-06 0.000563950080947622 3.25366464281007e-06 0.00292939659990073
16 0.286080137280425 0.211585173861087 0.155316594805725 0.343143240425964 2.39134045159946e-06 0.000624277797062651 3.65564776575306e-06 0.00324452884151789
17 0.286245245707151 0.211170047874706 0.155543451092906 0.342750352149873 2.67572074166896e-06 0.000690981055958211 4.09733453590878e-06 0.00359314906412899
18 0.28640066433812 0.210738258196806 0.155770780601182 0.342339335536932 2.98864785852241e-06 0.000764708189563299 4.58320969900105e-06 0.00397868127983886
19 0.28654537385272 0.210288169901021 0.155998576873924 0.341908396140386 3.33325697349062e-06 0.000846166915478993 5.11817445051156e-06 0.00440486488504589
20 0.286678264158612 0.209818002897089 0.156226833674521 0.34145557507939 3.71297161383879e-06 0.000936128217035792 5.70758154185918e-06 0.00487577542019606
21 0.286798129497527 0.209325823263674 0.156455545431579 0.340978738247744 4.13152632694663e-06 0.00103543009521726 6.35727122622871e-06 0.00539584466670513
22 0.286903663977426 0.208809535194086 0.156684707789565 0.340475565891033 4.59298954826487e-06 0.0011449810793483 7.07360759350165e-06 0.0059698794714001
23 0.286993457875135 0.208266873767851 0.156914318336154 0.339943542820461 5.1017862904666e-06 0.00126576335475683 7.86351470636669e-06 0.00660307854464519
24 0.287065994977519 0.207695398950481 0.157144377536392 0.339379949647841 5.66272016907474e-06 0.00139883533647829 8.73451179050346e-06 0.0073010463193299
25 0.28711965131184 0.207092491265356 0.157374889919316 0.338781855491909 6.28099416490355e-06 0.00154533348566378 9.69474655322248e-06 0.00806980278519688
26 0.287152695664537 0.206455349663122 0.157605865565722 0.338146112689864 6.96222939702055e-06 0.00170647313124138 1.07530255082288e-05 0.00891578803060854
27 0.287163292345139 0.2057809921879 0.157837321951699 0.337469354131207 7.71248104408446e-06 0.00188354802458073 1.1918839973378e-05 0.00984586003845656
28 0.28714950670441 0.205066260112364 0.158069286207072 0.336747993913767 8.53825041103914e-06 0.00207792832130808 1.3202386190027e-05 0.0108672841044774
29 0.28710931396087 0.204307826277304 0.158301797851175 0.335978232097789 9.44649199853081e-06 0.00229105665452739 1.46145777968225e-05 0.0119877120885395
30 0.287040611921146 0.203502208418806 0.158534912069337 0.335156064396257 1.04446143028206e-05 0.00252444194084833 1.61670486913655e-05 0.0132151495906107
31 0.286941238189722 0.202645788288314 0.15876870359128 0.334277297678874 1.15404729658943e-05 0.00277965054896423 1.78721441483103e-05 0.014557909085731
32 0.286808992443821 0.201734837356762 0.159003271225852 0.333337572172346 1.2742354823304e-05 0.00305829446503228 1.97428979547466e-05 0.0160245470834092
33 0.286641664289361 0.200765549831333 0.159238743094048 0.332332391198206 1.40589513780724e-05 0.00336201611542037 2.17929933000123e-05 0.0176237835269529
34 0.286437067103861 0.199734083589328 0.159475282582525 0.331257159187559 1.54993202819272e-05 0.0036924695614935 2.40367052474121e-05 0.0193644019497047
35 0.286193078101702 0.198636609435566 0.159713095011555 0.330107228536543 1.70728335503082e-05 0.00405129786886553 2.64888228510463e-05 0.0212551293893676
36 0.285907684618317 0.19746936880749 0.159952434973523 0.328877955605003 1.878911149427e-05 0.00444010657990293 2.91645493918675e-05 0.0233044957548771
37 0.285579036297976 0.196228739679581 0.160193614250068 0.32756476580596 2.06579417364105e-05 0.00486043338634413 3.20793798173035e-05 0.0255206732585181
38 0.285205502486211 0.194911309956655 0.160437010158157 0.326163227283415 2.26891831985407e-05 0.00531371430878651 3.52489552916765e-05 0.027911297668286
39 0.28478573368181 0.193513957104562 0.160683074109188 0.324669132138408 2.48926556049364e-05 0.00580124693732131 3.86888957970219e-05 0.0304832744773086
40 0.284318725413996 0.192033932168944 0.160932340093501 0.323078583557583 2.7278015821736e-05 0.00632415156317795 4.24146129402269e-05 0.033242574574036
41 0.283803882408759 0.190468945714167 0.161185432730179 0.321388086557934 2.98546232184252e-05 0.00688333131905523 4.64411064700845e-05 0.0361940255402171
42 0.283241080436595 0.188817252624952 0.161443074454901 0.319594639433343 3.26313971408549e-05 0.00747943272367012 5.07827494048762e-05 0.0393411061799922
43 0.282630722844275 0.18707773221398 0.16170609136478 0.31769582243295 3.56166704584766e-05 0.00811280826618465 5.54530680075007e-05 0.0426857531393643
44 0.281973788523536 0.185249959738116 0.161975417207333 0.315689879786632 3.88180439090311e-05 0.00878348283728374 6.04645239895593e-05 0.0462281893392009
45 0.281271868016869 0.183334265311474 0.16225209499971 0.313575790988488 4.22422465226848e-05 0.00949112588426784 6.58283071374596e-05 0.0499667842455306
46 0.280527184652619 0.181331776372425 0.162537275801599 0.311353327316304 4.58950076793969e-05 0.0102350311102912 7.15541468997616e-05 0.053897955592182
47 0.279742598067594 0.179244440349297 0.162832214245706 0.309023089945525 4.97809462695998e-05 0.0110141053347057 7.76501512514931e-05 0.0580161209596502
48 0.278921588216914 0.177075024979992 0.163138260554117 0.306586526722313 5.3903481950256e-05 0.0118268677781657 8.41226803031267e-05 0.0623137055862453
49 0.278068218955798 0.174827094839202 0.163456848932893 0.304045925666826 5.82647726174627e-05 0.0126714605458483 9.09762606604018e-05 0.0667812100261552
50 0.277187081439433 0.172504963938452 0.163789482431029 0.301404384519568 6.28656810004032e-05 0.013545670486451 9.82135445514013e-05 0.0714073379595145
51 0.276283218827028 0.17011362567871 0.164137714558539 0.298665757019214 6.77057718114613e-05 0.0144469619516574 0.000105835315375123 0.0761791808776657
52 0.27536203497699 0.167658662819724 0.164503128163382 0.295834577983088 7.27833392907481e-05 0.0153725193300798 0.0001138405388015 0.0810824528486429
53 0.274429190859602 0.16514614134628 0.164887312248245 0.292915970516009 7.80954634061915e-05 0.0163192976446082 0.000122226456103761 0.0861017654657461
54 0.273490493182671 0.162582493035518 0.165291837547435 0.289915539674597 8.36380915573842e-05 0.0172840790407088 0.000130988714260954 0.0912209307132521
55 0.272551780145597 0.159974392071324 0.1657182317668 0.286839257566857 8.94061415053729e-05 0.0182635326998045 0.000140121525722116 0.09642327808239
56 0.271618809271251 0.157328631167911 0.166167955407561 0.283693345118064 9.53936204956747e-05 0.0192542756105354 0.000149617849698017 0.101691971954484
57 0.270697151923027 0.15465200236382 0.166642379047483 0.280484155580608 0.000101593755194097 0.0202529317223507 0.000159469586485172 0.107010316021032
58 0.269792098450131 0.151951186986235 0.16714276284656 0.277218064351525 0.000107999127101476 0.0212561872692985 0.00016966777659287 0.112362033192556
59 0.268908577004576 0.149232658357435 0.167670238892018 0.273901368868389 0.000114601808499602 0.0222608404482364 0.000180202797233842 0.117731511823611
60 0.26805108804397 0.146502599734067 0.168225796815799 0.270540201385839 0.000121393494623128 0.0232638441155686 0.000191064549905897 0.123104011860227
61 0.267223655482348 0.143766838852099 0.168810272924724 0.267140456400631 0.000128365628554915 0.0242623406778194 0.000202242634171795 0.128465827399652
62 0.266429794472252 0.141030799398681 0.169424342896638 0.263707733492372 0.000135509516210629 0.0252536888460622 0.00021372650418192 0.133804404873602
63 0.265672494967189 0.138299468825662 0.170068517928946 0.260247295458947 0.000142816429631516 0.0262354823642441 0.000225505605849882 0.139108418419531
64 0.264954219569338 0.135577381207193 0.170743144089176 0.256764040902305 0.00015027769758115 0.027205561181126 0.000237569493792609 0.144367805859488
65 0.264276913729664 0.132868613345474 0.171448404515928 0.253262489886682 0.000157884783104243 0.0281620158022229 0.000249907928130538 0.149573770008794
66 0.263642026129784 0.130176792038754 0.172184324053827 0.249746780948293 0.000165629348235509 0.029103185730662 0.000262510951992021 0.154718750798452
67 0.263050537012593 0.127505110320099 0.172950775875591 0.246220677565851 0.000173503306443264 0.030027652992063 0.000275368951088115 0.159796373976272
68 0.262502992307252 0.124856350519224 0.1737474896432 0.242687582176002 0.000181498863666595 0.0309342317519456 0.000288472697046457 0.164801382041663
69 0.261999541575018 0.122232912153371 0.17457406078221 0.239150555903003 0.000189608548974255 0.0318219549911817 0.00030181337635223 0.16972955266989
70 0.261539978048179 0.119636842878618 0.175429960482001 0.235612342333454 0.000197825235958205 0.0326900591223399 0.000315382606778716 0.174577609292672
71 0.261123779312387 0.117069870996442 0.176314546083838 0.232075393873914 0.000206142155995044 0.0335379673227754 0.000329172443135796 0.179343127811514
72 0.260750147466709 0.114533438284754 0.177227071572775 0.228541899456232 0.000214552904482519 0.0343652722418803 0.000343175374052483 0.184024442699114
73 0.260418047866629 0.112028732188 0.178166697944157 0.225013812583106 0.000223051441100967 0.0351717186200795 0.000357384311363908 0.188620555045563
74 0.26012624580034 0.109556716643927 0.179132503267684 0.221492878921146 0.000231632085072866 0.0359571862431087 0.000371792573512058 0.193131044465209
75 0.259873340661134 0.107118161037591 0.180123492319463 0.217980662842206 0.000240289506306723 0.036721673551498 0.000386393864205983 0.197555986217596
76 0.259657797355728 0.104713666952914 0.181138605693951 0.214478572481586 0.000249018713220718 0.0374652821345461 0.000401182247429271 0.201895874420624
77 0.259477974830714 0.102343692538618 0.182176728342727 0.21098788302271 0.000257815037951466 0.0381882022613506 0.000416152119735447 0.206151551846194
78 0.259332151709413 0.100008574420774 0.183236697515519 0.207509758032865 0.000266674119566798 0.0388906995384665 0.000431298180637976 0.210324146482757
79 0.259218549113222 0.0977085471819409 0.184317310101419 0.204045268765757 0.000275591885820415 0.0395731027335409 0.000446615401781816 0.214415014816518
80 0.259135350799208 0.0954437604908141 0.185417329385133 0.200595411416792 0.000284564533911719 0.0402357927654605 0.000462098995477676 0.218425691613204
81 0.25908072078361 0.093214294010616 0.186535491245386 0.197161122369343 0.000293588510646375 0.0408791928325714 0.000477744383087699 0.22235784586474
82 0.259052818643169 0.0910201702428043 0.187670509830779 0.193743291507833 0.000302660492332313 0.0415037596298097 0.000493547163670999 0.226213242489601
83 0.259049812696248 0.0888613654786769 0.188821082753372 0.190342773699062 0.000311777364691815 0.0421099755916018 0.000509503083228235 0.229993709333119
84 0.259069891266821 0.0867378190379431 0.189985895842595 0.186960398559495 0.000320936203022526 0.0426983420887883 0.000525608004824887 0.233701108996511
85 0.25911127222901 0.0846494409728781 0.191163627502425 0.1835969786352 0.000330134252798412 0.0432693735034109 0.00054185787982193 0.237337315024455
86 0.25917221102007 0.0825961184112718 0.192352952713613 0.18025331612473 0.000339368910865251 0.0438235921039567 0.000558248720399127 0.240904191995094
87 0.25925100729715 0.0805777207026386 0.193552546720461 0.176930208274837 0.000348637707353729 0.044361523644745 0.000574776573519063 0.244403579079295
88 0.259346010399076 0.0785941035213161 0.194761088438708 0.173628451575793 0.000357938288406099 0.0448836936158937 0.000591437496448473 0.247837276664359
89 0.259455623759685 0.0766451120680896 0.195977263617611 0.170348844877982 0.00036726839978917 0.0453906240741654 0.000608227533926571 0.251207035668751
90 0.259578308404565 0.0747305834995268 0.197199767785665 0.167092191545294 0.000376625871446653 0.0458828309895584 0.000625142697047156 0.254514549206897
91 0.259712585648919 0.0728503487017993 0.198427309005623 0.163859300753924 0.000386008603027194 0.0463608220474461 0.000642178943901747 0.25776144629536
92 0.259857039100942 0.0710042335137306 0.199658610460828 0.160650988038083 0.000395414550410346 0.046825094851146 0.000659332162014208 0.260949287322846
93 0.260010316062728 0.0691920594923903 0.200892412891284 0.157468075176978 0.000404841713240942 0.0472761354748357 0.000676598152582921 0.264079561035961
94 0.260171128409511 0.0674136443038628 0.202127476894579 0.154311389510466 0.000414288123472503 0.0477144173216187 0.000693972616534012 0.267153682819956
95 0.260338253017875 0.0656688018119377 0.203362585103694 0.15118176276414 0.000423751834912169 0.0481404002461747 0.000711451142378215 0.270172994078888
96 0.260510531804543 0.063957341928427 0.20459654425091 0.148080029458281 0.000433230913752901 0.0485545299057838 0.000729029195854308 0.273138762542448
97 0.260686871429369 0.0622790702805793 0.20582818712455 0.145007024969245 0.000442723430073177 0.0489572373075335 0.000746702111333447 0.276052183347318
98 0.260866242709112 0.0606337877436254 0.207056374423058 0.141963583306333 0.000452227450279928 0.0493489385232166 0.000764465084951033 0.278914380759423
99 0.261047679782529 0.0590212898797964 0.208279996509044 0.138950534662059 0.000461741030466747 0.0497300345467906 0.000782313169425704 0.281726410419889
100 0.261230279061933 0.057441366319149 0.209497975064276 0.135968702788993 0.000471262210656543 0.0501009112723151 0.000800241270518665 0.284489262012158
101 0.261413198001912 0.0558938001121709 0.210709264645308 0.13301890225192 0.000480789009895373 0.0504619395730209 0.000818244145080674 0.287203862260692
102 0.261595653711893 0.0543783670793536 0.211912854138331 0.130101935599896 0.000490319422162419 0.0508134754646168 0.000836316400628549 0.289871078183118
103 0.261776921435966 0.0528948351786641 0.21310776811106 0.127218590498942 0.00049985141305957 0.0511558603381299 0.000854452496388056 0.29249172052779
104 0.26195633292049 0.051442963908068 0.214293068058855 0.124369636862437 0.000509382917243017 0.0514894212495133 0.000872646745735389 0.295066547337658
105 0.26213327468762 0.050022503756912 0.215467853541945 0.121555824012839 0.000518911836558437 0.0518144712549789 0.000890893319965189 0.297596267589182
106 0.262307186230814 0.0486331957170117 0.216631263210452 0.118777877905074 0.000528436038840773 0.0521313097825296 0.000909186253309212 0.300081544861968
107 0.262477558146677 0.0472747708616839 0.21778247571392 0.11603649843881 0.000537953357339286 0.0524402230315014 0.000927519449126254 0.302523001000942
108 0.262643930215976 0.045946949998668 0.218920710492237 0.113332356883833 0.000547461590728335 0.0527414843930996 0.000945886687180876 0.304921219738277
109 0.262805889445472 0.0446494434008739 0.220045228445162 0.110666093439861 0.000556958503664339 0.0530353548859396 0.000964281631925865 0.307276750247101
110 0.262963068081068 0.0433819506171389 0.221155332478086 0.108038314949353 0.000566441827849471 0.0533220836015013 0.000982697841701166 0.309590110603303
111 0.263115141601915 0.0421441603636598 0.222250367922211 0.105449592779202 0.000575909263562877 0.053601908155183 0.00100112877876032 0.311861791135506
112 0.263261826704269 0.0409357504954573 0.22332972282793 0.102900460884628 0.00058535848162055 0.053875055139327 0.00101956782003421 0.314092257646734
113 0.263402879283208 0.0397563880561107 0.224392828130889 0.1003914140661 0.000594787125725438 0.0541417405751693 0.00103800826854124 0.316281954494256
114 0.263538092419687 0.0386057294030604 0.225439157690938 0.0979229064277226 0.000604192815169945 0.0544021703611812 0.00105644336535285 0.318431307516888
115 0.263667294379823 0.0374834204049879 0.226468228204918 0.0954953500432866 0.000613573147853588 0.0546565407157041 0.00107486630202348 0.320540726801404
116 0.263790346632813 0.0363890967071427 0.227479598995012 0.0931091138339484 0.000622925703579349 0.0549050386121612 0.00109327023339527 0.322610609281948
117 0.263907141893347 0.0353223840599727 0.228472871675173 0.0907645226594987 0.000632248047593075 0.055147842205447 0.00111164829068857 0.32464134116828
118 0.264017602193966 0.0342828987060215 0.229447689698843 0.0884618566232069 0.000641537734331189 0.055385121248378 0.00112999359479186 0.326633300200462
119 0.264121676992336 0.0332702478197686 0.230403737791957 0.0862013505884255 0.00065079231134298 0.055617037497319 0.0011482992696664 0.328586857729185
120 0.264219341317994 0.0322840299948998 0.23134074127587 0.0839831939034539 0.000660009323354802 0.0558437451063024 0.00116655845578406 0.330502380622341
121 0.264310593962697 0.0313238357733861 0.232258465285497 0.0818075303296149 0.000669186316444676 0.0560653910091255 0.00118476432351999 0.332380232999715
122 0.264395455718096 0.0303892482107277 0.233156713888526 0.0796744581660914 0.000678320842297 0.0562821152890568 0.00120291008642515 0.33422077779878
123 0.26447396766405 0.0294798434717531 0.234035329112083 0.0775840305638168 0.000687410462508349 0.0564940515358983 0.00122098901430801 0.336024378175582
124 0.264546189510512 0.0285951914514682 0.234894189883668 0.0755362560195979 0.000696452752916727 0.0567013271902567 0.00123899444605873 0.337791398745522
125 0.264612197995496 0.0277348564155972 0.235733210893553 0.0735310990406914 0.000705445307927979 0.0569040638749565 0.00125691980215377 0.339522206669624
126 0.2646720853413 0.0268983976556547 0.236552341386128 0.0715684809692414 0.000714385744814585 0.057102377713603 0.00127475859678378 0.341217172592474
127 0.264725957770739 0.0260853701536178 0.237351563887918 0.0696482809553187 0.000723271707963488 0.0572963796363551 0.00129250444955224 0.342876671438536
128 0.264773934084813 0.0252953252515301 0.238130892880098 0.0677703370667856 0.000732100873051171 0.0574861756730246 0.00131015109669769 0.344501083074
129 0.264816144302876 0.0245278113216563 0.238890373423462 0.0659344475238219 0.000740870951125744 0.0576718672336503 0.00132769240179744 0.34609079284161
130 0.264852728366029 0.0237823744331056 0.239630079743734 0.0641403720457062 0.000749579692577338 0.0578535513767348 0.00134512236591561 0.347646191976198
131 0.264883834904129 0.0230585590111664 0.240350113785115 0.0623878332973202 0.000758224890979746 0.058031321065355 0.00136243513716392 0.349167677908772
132 0.264909620066544 0.0223559084859117 0.241050603739743 0.0606765184228458 0.000766804386787758 0.0582052654113807 0.00137962501964833 0.350655654467139
133 0.264930246416438 0.0216739659269704 0.241731702560632 0.0590060806542321 0.000775316070876276 0.058375469908056 0.00139668648178001 0.352110531981015
134 0.264945881888133 0.0210122746616828 0.242393586465348 0.0573761409822191 0.000783757887908821 0.0585420166512081 0.00141361416393358 0.353532727299567
135 0.264956698806851 0.0203703788741858 0.243036453437414 0.0557862898780097 0.000792127839524602 0.0587049845493675 0.00143040288544075 0.354922663729207
136 0.264962872969895 0.019747824183291 0.243660521732106 0.0542360890540636 0.000800423987334832 0.0588644495230863 0.00144704765091166 0.356280770899311
137 0.264964582788107 0.0191441581973261 0.244266028392913 0.052725073252941 0.000808644455720437 0.0590204846937549 0.00146354365588049 0.357607484563357
138 0.264962008486296 0.0185589310444072 0.244853227784535 0.0512527520536436 0.000816787434424774 0.0591731605622209 0.00147988629177632 0.358903246342696
139 0.264955331361105 0.0179916958768931 0.24542239014789 0.0498186116854651 0.000824851180936331 0.0593225451775203 0.00149607115022358 0.360168503419966
140 0.26494473309469 0.017442009349038 0.24597380018214 0.0484221168399732 0.00083283402265773 0.0594687042960357 0.00151209402668023 0.361403708188786
141 0.264930395122423 0.0169094320671157 0.246507755658285 0.0470627124723844 0.000840734358858649 0.0596117015313976 0.00152795092342491 0.36260931786611
142 0.264912498052742 0.0163935290115172 0.247024566068458 0.0457398255842578 0.000848550662411469 0.0597515984954486 0.00154363805190736 0.363785794073258
143 0.264891221137168 0.0158938699305445 0.247524551314534 0.0444528669801078 0.000856281481309617 0.0598884549305918 0.00155915183447884 0.364933602391266
144 0.264866741788463 0.0154100297058234 0.248008040439269 0.0432012329912209 0.000863925439969663 0.0600223288338439 0.00157448890552192 0.366053211895888
145 0.264839235144824 0.0149415886894345 0.248475370402691 0.0419843071606438 0.000871481240319223 0.0601532765729151 0.00158964611200086 0.367145094677172
146 0.264808873677975 0.0144881330130322 0.24892688490606 0.0408014618839815 0.00087894766267367 0.0602813529946352 0.00160462051345566 0.368209725348186
147 0.264775826843032 0.0140492548693609 0.249362933265273 0.0396520600013095 0.000886323566405531 0.0604066115260467 0.00161940938146436 0.369247580547108
148 0.264740260767943 0.0136245527667136 0.249783869335195 0.0385354563361423 0.000893607890411196 0.0605291042684806 0.00163401019859944 0.370259138436515
149 0.264702337980381 0.0132136317569844 0.250190050486012 0.0374509991780223 0.000900799653380329 0.06064888208493 0.00164842065690507 0.371244878203385
150 0.264662217169929 0.0128161036380704 0.250581836632341 0.0363980317058862 0.000907897953873992 0.0607659946810322 0.00166263865592278 0.372205279562945
151 0.264620052983456 0.0124315871314566 0.250959589315482 0.0353758933499276 0.000914901970218034 0.060880490679967 0.00167666230029366 0.373140822269199
152 0.264575995851598 0.0120597080358877 0.251323670838904 0.0343839210902082 0.000921810960218858 0.0609924176915738 0.00169048989696541 0.374051985634644
153 0.264530191844327 0.0117000993580881 0.251674443456742 0.0334214506907654 0.000928624260709035 0.0611018223759842 0.00170411995203266 0.374939248061352
154 0.264482782553605 0.0113524014215326 0.252012268614842 0.0324878178684289 0.000935341286930646 0.0612087505020646 0.00171755116723919 0.375803086585358
155 0.264433905001222 0.0110162619543044 0.252337506243627 0.0315823593959848 0.00094196153176451 0.0613132470009517 0.00173078243616998 0.376643976435975
156 0.264383691569944 0.0106913361570992 0.252650514101873 0.0307044141397172 0.000948484564813682 0.0614153560149638 0.00174381284016102 0.377462390611429
157 0.264332269956172 0.0103772867524484 0.252951647170255 0.0298533240317122 0.0009549100313498 0.0615151209421566 0.00175664164395417 0.378258799471952
158 0.264279763142404 0.0100737840162358 0.253241257093405 0.0290284349776313 0.000961237651130961 0.0616125844767932 0.00176926829112369 0.379033670351275
159 0.264226289387826 0.00978050579258555 0.253519691669035 0.0282290977009451 0.000967467217099886 0.061707788645981 0.0017816923993004 0.379787467187227
160 0.26417196223547 0.0094971374931824 0.253787294382586 0.027454668524871 0.000973598593971141 0.0618007748427282 0.00179391375521853 0.380520650171972
161 0.264116890534425 0.00922337208207812 0.254044403985766 0.0267045100934813 0.00097963171671618 0.0618915838556596 0.00180593230960953 0.381233675422264
162 0.264061178475675 0.0089589100470112 0.254291354117225 0.0259779920336354 0.00098556658895487 0.0619802558956239 0.00181774817196612 0.381926994669908
163 0.264004925640216 0.00870345935824682 0.254528472963605 0.025274491559553 0.00099140328126208 0.0620668306194166 0.00182936160519881 0.382601054972502
164 0.263948227058162 0.00845673541591407 0.254756082959105 0.0245933940219788 0.000997141929397779 0.062151347150833 0.00184077302020611 0.383256298444403
165 0.263891173277653 0.00821846098678708 0.254974500521713 0.0239340934039975 0.00100278273246889 0.062233844099257 0.00185198297037867 0.383893162007745
166 0.263833850442414 0.00798836613142256 0.255184035824215 0.0232959927656448 0.00100832595103098 0.0623143595759828 0.00186299214605636 0.384512077163233
167 0.263776340376926 0.00776618812253146 0.255384992598095 0.0226785046395203 0.00101377190513761 0.0623929312084555 0.00187380136895635 0.385113469780377
168 0.263718720678199 0.00755167135542476 0.255577667968459 0.022081051379657 0.00101912097234493 0.0624695961526119 0.00188441158658903 0.385697759906714
169 0.263661064813236 0.00734456725133577 0.255762352318115 0.0215030654659229 0.00102437358567895 0.0625443911034879 0.0018948238666776 0.386265361595546
170 0.263603442221322 0.00714463415438271 0.255939329178996 0.020943989766242 0.00102953023157235 0.0626173523042549 0.00190503939159617 0.386816682751635
171 0.263545918420348 0.0069516372228959 0.256108875149108 0.0204032777589184 0.00103459144777781 0.0626885155538364 0.00191505945283987 0.387352124994276
172 0.263488555116429 0.00676534831579531 0.256271259833285 0.0198803937173239 0.00103955782126414 0.0627579162132479 0.00192488544553976 0.387872083537114
173 0.263431410316137 0.00658554587466521 0.256426745806026 0.0193748128591878 0.00104442998610153 0.0628255892107946 0.00193451886303419 0.388376947084054
174 0.263374538440723 0.0064120148021344 0.256575588594767 0.0188860214626794 0.00104920862134156 0.062891569046253 0.00194396129150707 0.388867097740595
175 0.263317990441766 0.00624454633713292 0.256718036682017 0.018413516951433 0.00105389444889776 0.0629558897941553 0.00195321440470309 0.389342910939895
176 0.263261813917713 0.00608293792755936 0.256854331524805 0.0179568079506067 0.00105848823143163 0.063018585106286 0.00196227995872831 0.38980475538287
177 0.263206053230842 0.00592699310085695 0.256984707589985 0.0175154143160029 0.00106299077024925 0.0630796882134944 0.00197115978694437 0.390252992991625
178 0.26315074962421 0.00577652133296223 0.257109392403988 0.0170888671382182 0.00106740290321291 0.0631392319269175 0.00197985579496314 0.390687978875528
179 0.263095941338203 0.00563133791605628 0.257228606615693 0.0166767087237128 0.00107172550267206 0.0631972486387028 0.00198836995574831 0.391110061309212
180 0.263041663726332 0.00549126382551644 0.257342564071137 0.0162784925546216 0.00107595947341754 0.0632537703223117 0.00199670430482916 0.391519581721834
181 0.262987949369958 0.00535612558643539 0.25745147189887 0.0158937832290506 0.00108010575066274 0.0633088285324792 0.00200486093563162 0.391916874696912
182 0.262934828191673 0.00522575514004504 0.257555530604802 0.015522156383527 0.00108416529805497 0.0633624544048984 0.00201284199493048 0.39230226798207
183 0.262882327567075 0.00509998971035445 0.257654934175481 0.0151631985991911 0.0010881391057202 0.063414678655694 0.00202064967842628 0.392676082508059
184 0.262830472434737 0.00497867167128393 0.257749870188791 0.0148165072932427 0.00109202818834392 0.06346553158074 0.00202828622644979 0.393038632416411
185 0.262779285404164 0.00486164841455261 0.257840519931118 0.0144816905970744 0.00109583358329056 0.0635150430548762 0.00203575391979632 0.393390225095128
186 0.262728786861568 0.00474877221855197 0.257927058520095 0.0141583672224489 0.00109955634876383 0.0635632425310695 0.00204305507569163 0.393731161221811
187 0.262678995073343 0.00463990011841591 0.258009655032116 0.0138461663169995 0.00110319756200992 0.0636101590395614 0.00205019204389064 0.394061734813664
188 0.262629926287091 0.00453489377747587 0.258088472633827 0.0135447273102613 0.00110675831756529 0.0636558211870419 0.00205716720290987 0.394382233283827
189 0.262581594830117 0.00443361936026995 0.258163668716902 0.0132536997513643 0.00111023972555062 0.063700257155881 0.00206398295639388 0.394692937503521
190 0.26253401320531 0.0043359474072559 0.25823539503542 0.0129727431394514 0.00111364291001227 0.0637434947034493 0.00207064172961568 0.394994121869486
191 0.26248719218433 0.00424175271136031 0.258303797845255 0.0127015267478156 0.00111696900731217 0.0637855611615528 0.00207714596611088 0.395286054376263
192 0.262441140898081 0.00415091419647998 0.258369018044902 0.0124397294426824 0.00112021916456732 0.0638264834360052 0.00208349812444461 0.395568996692837
193 0.262395866924398 0.00406331479803618 0.258431191317227 0.0121870394975023 0.00112339453813927 0.0638662880063567 0.00208970067511046 0.39584320424323
194 0.262351376372959 0.00397884134566812 0.258490448271672 0.011943154403555 0.00112649629217446 0.0639050009257956 0.00209575609756 0.396108926290616
195 0.262307673967388 0.0038973844481391 0.258546914586478 0.0117077806776093 0.00112952559719551 0.0639426478212379 0.00210166687736136 0.396366406024591
196 0.262264763124564 0.00381883838051637 0.258600711150546 0.0114806336673265 0.00113248362874383 0.0639792538936134 0.00210743550348508 0.396615880651205
197 0.262222646031134 0.00374310097367473 0.258651954204567 0.0112614373550413 0.00113537156607354 0.0640148439183606 0.00211306446571536 0.396857581485434
198 0.262181323717251 0.00367007350616332 0.258700755481116 0.011049924160505 0.00113819059089672 0.0640494422461346 0.00211855625218444 0.397091734045749
199 0.262140796127568 0.00359966059846577 0.258747222343412 0.0108458347431243 0.00114094188617962 0.0640830728037337 0.00212391334702784 0.397318558150489
200 0.262101062189508 0.00353177010967511 0.258791457922497 0.0106489178041887 0.00114362663498975 0.0641157590952483 0.00212913822815807 0.397538268015735
201 0.26206211987886 0.00346631303659687 0.258833561252598 0.0104589298895308 0.00114624601939324 0.064147524203433 0.00213423336515418 0.397751072354434
202 0.262023966282728 0.00340320341528654 0.25887362740448 0.0102756351930284 0.00114880121940203 0.064178390791302 0.00213920121726443 0.397957174476508
203 0.261986597659904 0.00334235822502106 0.258911747616607 0.0100988053613143 0.00115129341197024 0.064208381103947 0.00214404423151941 0.398156772389717
204 0.261950009498682 0.00328369729469813 0.258948009423962 0.00992821930002922 0.00115372377003916 0.0642375169705741 0.00214876484095275 0.398350058901062
205 0.261914196572207 0.00322714321165138 0.258982496784394 0.00976366298191435 0.00115609346162985 0.0642658198067579 0.00215336546292643 0.398537221718519
206 0.261879152991378 0.00317262123286517 0.25901529020238 0.00960492925701306 0.00115840364898275 0.0642933106169067 0.0021578484975579 0.398718443552917
207 0.261844872255392 0.00312005919856793 0.259046466850107 0.009451817665219 0.00116065548774333 0.0643200099969347 0.00216221632624584 0.39889390221979
208 0.261811347299978 0.00306938744817955 0.259076100685807 0.00930413425138215 0.00116285012619273 0.0643459381371349 0.00216647131029175 0.399063770741034
209 0.261778570543382 0.00302053873858447 0.259104262569259 0.00916169138315833 0.00116498870452257 0.0643711148252463 0.00217061578961415 0.399228217446233
210 0.261746533930174 0.00297344816469944 0.259131020374451 0.00902430757176406 0.00116707235415278 0.0643955594497087 0.00217465208155258 0.399387406073498
211 0.261715228972938 0.00292805308230221 0.25915643909932 0.00889180729577711 0.00116910219709141 0.064419291003096 0.00217858247975813 0.399541495869717
212 0.261684646791908 0.00288429303308496 0.259180580972597 0.00876402082810225 0.00117107934533534 0.0644423280857234 0.00218240925316772 0.399690641690081
213 0.261654778152615 0.00284210967189436 0.2592035055577 0.00864078406620364 0.00117300490031079 0.064464688909417 0.00218613464505897 0.399834994096801
214 0.261625613501618 0.00280144669611875 0.259225269853703 0.00852193836568752 0.00117487995235236 0.0644863913014393 0.00218976087218279 0.399974699456898
215 0.261597143000377 0.00276224977718092 0.25924592839338 0.00840733037730328 0.00117670558021962 0.064507452708562 0.00219329012397068 0.400109900039007
216 0.261569356557326 0.0027244664940945 0.259265533338334 0.00829681188741633 0.00117848285065002 0.0645278902012771 0.00219672456181388 0.400240734109088
217 0.261542243858232 0.00268804626904038 0.259284134571229 0.0081902396619928 0.00118021281794682 0.0645477204781378 0.00220006631841149 0.40036733602501
218 0.261515794394878 0.00265294030491934 0.25930177978517 0.00808747529412396 0.00118189652360106 0.0645669598702202 0.00220331749718471 0.400489836329902
219 0.261489997492147 0.00261910152483625 0.259318514570247 0.00798838505510705 0.00118353499594629 0.0645856243456977 0.00220648017175456 0.400608361844264
220 0.261464842333565 0.00258648451347083 0.259334382497287 0.00789283974908923 0.00118512924984484 0.0646037295145193 0.0022095563854801 0.400723035756744
221 0.261440317985368 0.00255504546028992 0.259349425198856 0.00780071457127188 0.00118668028640459 0.0646212906331829 0.00221254815105476 0.400833977713571
222 0.261416413419139 0.00252474210455588 0.259363682447566 0.00771188896966458 0.00118818909272491 0.0646383226095951 0.00221545745015801 0.400941303906597
223 0.261393117533087 0.00249553368208597 0.259377192231715 0.00762624651037023 0.0011896566416708 0.0646548400080107 0.00221828623315986 0.401045127159901
224 0.261370419172019 0.00246738087371762 0.259389990828338 0.00754367474637637 0.00119108389167396 0.0646708570540414 0.00222103641887567 0.401145557014958
225 0.261348307146059 0.00244024575543483 0.259402112873708 0.00746406508982136 0.00119247178655969 0.0646863876397278 0.00222370989436889 0.40124269981432
226 0.26132677024817 0.00241409175011111 0.259413591431339 0.00738731268769924 0.00119382125539861 0.064701445328666 0.00222630851479935 0.401336658783817
227 0.261305797270529 0.00238888358082509 0.259424458057566 0.0073133163009618 0.00119513321238192 0.0647160433611813 0.00222883410331474 0.40142753411324
228 0.261285377019809 0.00236458722570521 0.259434742864751 0.00724197818697257 0.00119640855671934 0.0647301946595424 0.00223128845098311 0.401515423035518
229 0.261265498331415 0.00234116987426038 0.259444474582165 0.00717320398526355 0.00119764817255857 0.0647439118332078 0.00223367331676419 0.401600419904365
230 0.261246150082728 0.00231859988515449 0.259453680614635 0.00710690260654255 0.0011988529289252 0.064757207184099 0.00223599042751746 0.401682616270398
231 0.261227321205388 0.00229684674538289 0.259462387098982 0.00704298612489592 0.0012000236796822 0.0647700927118927 0.00223824147804479 0.401762100955731
232 0.261209000696684 0.00227588103080989 0.25947061895834 0.00698136967312947 0.00120116126350792 0.0647825801193268 0.00224042813116585 0.401838960127037
233 0.26119117763007 0.00225567436802709 0.259478399954402 0.0069219713411881 0.00120226650389159 0.0647946808175129 0.00224255201782432 0.401913277367083
234 0.261173841164876 0.00223619939749301 0.259485752737661 0.00686471207759331 0.00120334020914557 0.0648064059312503 0.00224461473722293 0.401985133744758
235 0.261156980555223 0.00221742973791523 0.259492698895697 0.00680951559383615 0.00120438317243325 0.0648177663043365 0.00224661785698575 0.402054607883573
236 0.261140585158212 0.00219933995183735 0.259499258999584 0.00675630827166238 0.00120539617181183 0.0648287725048673 0.00224856291334581 0.402121776028678
237 0.261124644441405 0.00218190551239355 0.259505452648467 0.00670501907318583 0.00120637997028909 0.0648394348305227 0.00225045141135657 0.40218671211238
238 0.261109147989639 0.00216510277119461 0.259511298512364 0.00665557945376512 0.00120733531589337 0.0648497633138339 0.00225228482512548 0.402249487818184
239 0.261094085511213 0.00214890892730995 0.25951681437327 0.00660792327757897 0.00120826294175583 0.0648597677274252 0.00225406459806822 0.402310172643378
240 0.261079446843475 0.00213330199731125 0.259522017164593 0.006561986735835 0.00120916356620441 0.0648694575892299 0.00225579214318205 0.40236883396017
241 0.261065221957846 0.00211826078634386 0.259526923008997 0.00651770826754695 0.00121003789286855 0.064878842167672 0.00225746884333696 0.402425537075389
242 0.261051400964313 0.00210376486019331 0.259531547254704 0.00647502848281551 0.00121088661079405 0.0648879304868128 0.00225909605158306 0.402480345288785
243 0.261037974115409 0.00208979451831483 0.259535904510302 0.00643389008854837 0.00121171039456735 0.0648967313314583 0.00226067509147323 0.402533319949927
244 0.261024931809731 0.00207633076779484 0.259540008678118 0.00639423781655533 0.0012125099044486 0.064905253252223 0.00226220725739937 0.40258452051373
245 0.261012264594998 0.00206335529821401 0.259543872986201 0.00635601835395529 0.00121328578651274 0.0649135045705485 0.00226369381494146 0.402634004594628
246 0.260999963170696 0.00205085045738256 0.259547510018976 0.0063191802758322 0.00121403867279814 0.0649214933836725 0.00226513600122796 0.402681828019414
247 0.26098801839032 0.00203879922791906 0.259550931746602 0.00628367398007808 0.00121476918146208 0.0649292275695469 0.00226653502530667 0.402728044878765
248 0.260976421263251 0.00202718520464494 0.259554149553095 0.00624945162436204 0.00121547791694251 0.0649367147917011 0.00226789206852488 0.402772707577479
249 0.260965162956272 0.00201599257276764 0.259557174263259 0.00621646706516519 0.00121616547012564 0.0649439625040498 0.00226920828491792 0.402815866883442
250 0.260954234794774 0.00200520608682621 0.259560016168466 0.00618467579882204 0.00121683241851872 0.0649509779556423 0.00227048480160505 0.402857571975346
251 0.260943628263632 0.00199481105037378 0.259562685051326 0.00615403490451036 0.00121747932642749 0.0649577681953503 0.0022717227191919 0.402897870489188
252 0.260933335007818 0.00198479329637236 0.259565190209305 0.00612450298913245 0.00121810674513797 0.0649643400764952 0.0022729231121785 0.402936808563561
253 0.260923346832726 0.00197513916827573 0.259567540477314 0.00609604013403161 0.00121871521310197 0.0649707002614107 0.00227408702937219 0.402974430883767
254 0.260913655704263 0.00196583550177744 0.259569744249317 0.0060686078434891 0.00121930525612596 0.0649768552259409 0.00227521549430452 0.403010780724782
255 0.260904253748696 0.00195686960720118 0.259571809498997 0.00604216899494789 0.0012198773875629 0.0649828112638718 0.00227630950565151 0.403045899993072
256 0.260895133252289 0.00194822925251182 0.259573743799517 0.00601668779091051 0.00122043210850655 0.0649885744912956 0.00227737003765655 0.403079829267313
257 0.260886286660739 0.00193990264692583 0.259575554342411 0.00599212971245973 0.00122096990798795 0.0649941508509062 0.00227839804055526 0.403112607838015
