"G" "A1D1X" "A2D1X" "A1D1Y" "A2D1Y" "A1D2X" "A2D2X" "A1D2Y" "A2D2Y"
1 0.249985676586473 0.249933521767077 0.250014765179195 0.249958300938655 1.45588552163319e-08 2.69193232949978e-05 4.36765656489958e-08 8.07579698849933e-05
2 0.249982346938385 0.249952377063039 0.250005846472084 0.249972394861724 2.16067077667172e-08 2.17370594839349e-05 6.48201233001516e-08 6.52111784518047e-05
3 0.249984389836227 0.249952956936539 0.250006358170304 0.249972756157949 2.95224268258307e-08 2.08552023182933e-05 8.85672804774921e-08 6.25656069548799e-05
4 0.249984521687822 0.249952328042333 0.250006513982208 0.249972434396223 3.82820528340569e-08 2.10121908008937e-05 1.14846158502171e-07 6.30365724026811e-05
5 0.249984333925395 0.24995124493729 0.250006732223881 0.249971792412617 4.73692141440246e-08 2.1426755989982e-05 1.42107642432074e-07 6.42802679699461e-05
6 0.249984064877216 0.249950031121763 0.25000696996666 0.249971060291121 5.65350670200454e-08 2.19119007430268e-05 1.69605201060136e-07 6.57357022290805e-05
7 0.249983771506432 0.249948763711788 0.250007216966033 0.249970292944471 6.5692652588879e-08 2.24230251663124e-05 1.97077957766637e-07 6.72690754989372e-05
8 0.249983467348417 0.249947460670305 0.250007470869101 0.249969503219055 7.48185408569748e-08 2.29496547395503e-05 2.24455622570924e-07 6.88489642186508e-05
9 0.249983155520135 0.249946125765395 0.250007731215265 0.249968693868898 8.39107367415695e-08 2.34894968401318e-05 2.51732210224709e-07 7.04684905203955e-05
10 0.249982836637521 0.249944759348779 0.250007998000135 0.249967865220399 9.29738973188573e-08 2.40422243942567e-05 2.78921691956572e-07 7.21266731827702e-05
11 0.249982510714096 0.249943360940231 0.250008271331376 0.249967017010032 1.02014602032818e-07 2.46079864644871e-05 3.06043806098454e-07 7.38239593934613e-05
12 0.249982177616236 0.249941929847039 0.250008551346278 0.249966148824821 1.11039921874149e-07 2.51870514849223e-05 3.33119765622447e-07 7.5561154454767e-05
13 0.249981837172285 0.249940465312266 0.250008838192061 0.249965260207781 1.2005700479251e-07 2.57797218968757e-05 3.60171014377531e-07 7.7339165690627e-05
14 0.249981489198654 0.249938966549999 0.250009132021209 0.249964350683018 1.29072961808793e-07 2.63863138180974e-05 3.87218885426379e-07 7.91589414542922e-05
15 0.249981133506001 0.249937432753479 0.250009432990418 0.249963419761553 1.38094839614842e-07 2.70071522974541e-05 4.14284518844526e-07 8.10214568923624e-05
16 0.249980769900644 0.249935863096736 0.250009741260399 0.249962466942524 1.4712961748713e-07 2.76425703068036e-05 4.41388852461391e-07 8.29277109204107e-05
17 0.249980398184813 0.249934256734643 0.250010056995903 0.249961491713272 1.56184210868693e-07 2.82929086311634e-05 4.6855263260608e-07 8.48787258934903e-05
18 0.249980018156638 0.249932612802598 0.250010380365787 0.249960493549162 1.65265476697293e-07 2.89585159770082e-05 4.95796430091878e-07 8.68755479310245e-05
19 0.249979629610062 0.249930930416099 0.250010711543099 0.249959471913321 1.74380219127618e-07 2.96397491357791e-05 5.23140657382853e-07 8.89192474073373e-05
20 0.24997923233474 0.249929208670288 0.250011050705169 0.249958426256367 1.83535195282815e-07 3.03369731636321e-05 5.50605585848444e-07 9.10109194908965e-05
21 0.24997882611593 0.249927446639487 0.2500113980337 0.249957356016126 1.9273712094069e-07 3.10505615681436e-05 5.7821136282207e-07 9.31516847044308e-05
22 0.249978410734385 0.249925643376714 0.250011753714865 0.249956260617333 2.01992676133031e-07 3.17808964998118e-05 6.05978028399094e-07 9.53426894994353e-05
23 0.249977985966237 0.24992379791319 0.250012117939402 0.249955139471336 2.11308510656075e-07 3.25283689478978e-05 6.33925531968226e-07 9.75851068436934e-05
24 0.249977551582887 0.249921909257845 0.250012490902717 0.249953991975792 2.20691249495267e-07 3.32933789405586e-05 6.62073748485802e-07 9.98801368216758e-05
25 0.249977107350884 0.249919976396796 0.250012872804983 0.249952817514348 2.30147498168749e-07 3.4076335749324e-05 6.90442494506246e-07 0.000102229007247972
26 0.249976653031811 0.249917998292829 0.250013263851248 0.249951615456327 2.39683847994236e-07 3.48776580979949e-05 7.19051543982708e-07 0.000104632974293985
27 0.249976188382162 0.249915973884866 0.250013664251545 0.249950385156398 2.49306881283944e-07 3.56977743760461e-05 7.47920643851831e-07 0.000107093323128138
28 0.249975713153222 0.24991390208741 0.250014074220995 0.249949125954241 2.59023176472104e-07 3.6537122856619e-05 7.77069529416312e-07 0.000109611368569857
29 0.24997522709094 0.249911781789996 0.250014493979927 0.249947837174206 2.68839313179533e-07 3.73961519191929e-05 8.065179395386e-07 0.000112188455757579
30 0.249974729935805 0.249909611856617 0.250014923753994 0.249946518124967 2.78761877219591e-07 3.82753202770217e-05 8.36285631658773e-07 0.000114825960831065
31 0.249974221422715 0.249907391125141 0.250015363774285 0.249945168099159 2.88797465549764e-07 3.91750972094276e-05 8.66392396649291e-07 0.000117525291628283
32 0.249973701280849 0.249905118406717 0.250015814277457 0.249943786373017 2.98952691173016e-07 4.0095962799041e-05 8.96858073519048e-07 0.000120287888397123
33 0.249973169233531 0.249902792485168 0.250016275505849 0.249942372206003 3.09234187992946e-07 4.10384081740799e-05 9.27702563978838e-07 0.00012311522452224
34 0.249972624998099 0.24990041211637 0.250016747707621 0.249940924840425 3.1964861562669e-07 4.200293575576e-05 9.58945846880071e-07 0.00012600880726728
35 0.249972068285761 0.249897976027618 0.250017231136874 0.249939443501047 3.30202664179436e-07 4.29900595109309e-05 9.90607992538308e-07 0.000128970178532793
36 0.249971498801461 0.249895482916982 0.250017726053791 0.24993792739469 3.40903058984305e-07 4.40003052100324e-05 1.02270917695292e-06 0.000132000915630097
37 0.249970916243732 0.249892931452641 0.250018232724774 0.249936375709831 3.51756565311299e-07 4.50342106904674e-05 1.0552696959339e-06 0.000135102632071402
38 0.249970320304555 0.249890320272212 0.250018751422581 0.249934787616179 3.62769993048897e-07 4.60923261254865e-05 1.08830997914669e-06 0.00013827697837646
39 0.249969710669209 0.249887647982061 0.250019282426472 0.249933162264259 3.73950201361849e-07 4.71752142986844e-05 1.12185060408555e-06 0.000141525642896053
40 0.249969087016122 0.249884913156597 0.250019826022357 0.249931498784974 3.85304103328587e-07 4.82834508842038e-05 1.15591230998576e-06 0.000144850352652611
41 0.249968449016718 0.249882114337558 0.250020382502947 0.249929796289165 3.96838670561658e-07 4.94176247327482e-05 1.19051601168498e-06 0.000148252874198245
42 0.249967796335263 0.249879250033272 0.250020952167905 0.249928053867154 4.08560937814463e-07 5.05783381635022e-05 1.22568281344339e-06 0.000151735014490507
43 0.249967128628709 0.249876318717914 0.25002153532401 0.24992627058829 4.20478007577542e-07 5.17662072620598e-05 1.26143402273263e-06 0.000155298621786179
44 0.249966445546527 0.249873318830738 0.250022132285311 0.249924445500467 4.32597054667589e-07 5.29818621844627e-05 1.29779116400277e-06 0.000158945586553388
45 0.249965746730554 0.249870248775299 0.250022743373302 0.249922577629652 4.44925330812283e-07 5.42259474674502e-05 1.33477599243685e-06 0.00016267784240235
46 0.249965031814818 0.249867106918657 0.250023368917083 0.249920665979385 4.57470169233999e-07 5.54991223450213e-05 1.372410507702e-06 0.000166497367035064
47 0.249964300425376 0.249863891590562 0.250024009253539 0.249918709530282 4.70238989235366e-07 5.6802061071415e-05 1.4107169677061e-06 0.000170406183214245
48 0.249963552180139 0.249860601082626 0.250024664727514 0.249916707239516 4.83239300789618e-07 5.81354532506072e-05 1.44971790236885e-06 0.000174406359751822
49 0.249962786688701 0.249857233647479 0.250025335691995 0.249914658040299 4.96478709138584e-07 5.95000041724323e-05 1.48943612741575e-06 0.000178500012517297
50 0.249962003552161 0.249853787497901 0.250026022508297 0.249912560841342 5.09964919401154e-07 6.08964351554284e-05 1.52989475820346e-06 0.000182689305466285
51 0.249961202362941 0.249850260805943 0.250026725546254 0.249910414526311 5.2370574119497e-07 6.23254838965125e-05 1.57111722358491e-06 0.000186976451689537
52 0.249960382704609 0.249846651702029 0.25002744518441 0.249908217953268 5.37709093274046e-07 6.37879048275882e-05 1.61312727982214e-06 0.000191363714482764
53 0.249959544151687 0.249842958274036 0.250028181810226 0.249905969954102 5.51983008184988e-07 6.52844694791885e-05 1.65594902455496e-06 0.000195853408437565
54 0.249958686269469 0.249839178566359 0.250028935820273 0.249903669333947 5.66535636944405e-07 6.68159668512575e-05 1.69960691083322e-06 0.000200447900553772
55 0.249957808613825 0.249835310578958 0.250029707620448 0.249901314870589 5.81375253740083e-07 6.83832037911731e-05 1.74412576122025e-06 0.000205149611373519
56 0.249956910731009 0.249831352266383 0.250030497626188 0.249898905313861 5.96510260658411e-07 6.9987005379113e-05 1.78953078197523e-06 0.000209961016137339
57 0.249955992157464 0.249827301536779 0.25003130626268 0.249896439385023 6.1194919244055e-07 7.16282153208652e-05 1.83584757732165e-06 0.000214884645962595
58 0.249955052419618 0.249823156250879 0.250032133965093 0.249893915776132 6.27700721269724e-07 7.33076963481834e-05 1.88310216380917e-06 0.00021992308904455
59 0.249954091033683 0.249818914220963 0.250032981178801 0.249891333149399 6.43773661592023e-07 7.50263306267879e-05 1.93132098477607e-06 0.000225078991880364
60 0.249953107505449 0.249814573209813 0.250033848359617 0.249888690136532 6.60176974973038e-07 7.67850201721092e-05 1.98053092491911e-06 0.000230355060516328
61 0.249952101330078 0.249810130929635 0.250034735974033 0.249885985338062 6.76919774992585e-07 7.85846872728726e-05 2.03075932497776e-06 0.000235754061818618
62 0.249951071991887 0.249805585040964 0.250035644499463 0.249883217322667 6.94011332179767e-07 8.04262749226181e-05 2.0820339965393e-06 0.000241278824767854
63 0.249950018964137 0.249800933151551 0.250036574424492 0.249880384626467 7.1146107899054e-07 8.23107472592522e-05 2.13438323697162e-06 0.000246932241777757
64 0.249948941708814 0.249796172815227 0.250037526249134 0.249877485752315 7.29278614829927e-07 8.42390900127203e-05 2.18783584448978e-06 0.000252717270038161
65 0.249947839676411 0.249791301530738 0.250038500485089 0.249874519169074 7.47473711120972e-07 8.62123109608937e-05 2.24242113336292e-06 0.000258636932882681
66 0.249946712305702 0.249786316740572 0.250039497656012 0.249871483310873 7.66056316422461e-07 8.82314403937547e-05 2.29816894926738e-06 0.000264694321181264
67 0.249945559023517 0.249781215829751 0.250040518297789 0.249868376576353 7.85036561597424e-07 9.02975315859693e-05 2.35510968479227e-06 0.000270892594757908
68 0.249944379244512 0.249775996124606 0.250041562958808 0.249865197327902 8.04424765034344e-07 9.2411661277926e-05 2.41327429510303e-06 0.000277234983833778
69 0.24994317237094 0.249770654891531 0.250042632200252 0.249861943890864 8.24231437922993e-07 9.4574930165323e-05 2.47269431376898e-06 0.000283724790495969
70 0.249941937792415 0.249765189335707 0.250043726596388 0.249858614552742 8.44467289586718e-07 9.67884633973779e-05 2.53340186876015e-06 0.000290365390192134
71 0.249940674885673 0.249759596599813 0.250044846734863 0.249855207562384 8.65143232872984e-07 9.90534110837325e-05 2.59542969861895e-06 0.000297160233251198
72 0.249939383014337 0.249753873762702 0.250045993217014 0.249851721129149 8.86270389603925e-07 0.000101370948810122 2.65881116881177e-06 0.000304112846430365
73 0.24993806152867 0.249748017838058 0.250047166658172 0.249848153422064 9.07860096088572e-07 0.00010374227816287 2.72358028826572e-06 0.000311226834488611
74 0.249936709765334 0.249742025773036 0.250048367687988 0.249844502568957 9.29923908698411e-07 0.000106168627262275 2.78977172609523e-06 0.000318505881786826
75 0.249935327047143 0.249735894446865 0.250049596950755 0.24984076665558 9.52473609507831e-07 0.000108651251304932 2.85742082852349e-06 0.000325953753914796
76 0.249933912682809 0.249729620669431 0.25005085510574 0.249836943724712 9.75521212000991e-07 0.000111191433115048 2.92656363600297e-06 0.000333574299345143
77 0.249932465966695 0.249723201179844 0.250052142827527 0.249833031775247 9.99078966846553e-07 0.000113790483704792 2.99723690053966e-06 0.000341371451114377
78 0.249930986178562 0.249716632644964 0.250053460806362 0.249829028761266 1.02315936774168e-06 0.000116449742843717 3.06947810322503e-06 0.00034934922853115
79 0.249929472583309 0.249709911657917 0.250054809748509 0.249824932591086 1.0477751573266e-06 0.000119170579637275 3.14332547197981e-06 0.000357511738911826
80 0.24992792443072 0.249703034736573 0.250056190376614 0.249820741126303 1.07293933317108e-06 0.000121954393114471 3.21881799951323e-06 0.000365863179343413
81 0.249926340955201 0.249695998322009 0.250057603430075 0.249816452180801 1.09866515383379e-06 0.000124802612824643 3.29599546150137e-06 0.000374407838473928
82 0.249924721375522 0.249688798776939 0.250059049665422 0.249812063519765 1.124966144996e-06 0.000127716699443402 3.37489843498799e-06 0.000383150098330205
83 0.249923064894553 0.24968143238412 0.250060529856701 0.249807572858652 1.15185610567025e-06 0.000130698145387716 3.45556831701074e-06 0.000392094436163148
84 0.249921370699001 0.249673895344738 0.250062044795877 0.249802977862165 1.1793491144853e-06 0.000133748475440133 3.53804734345589e-06 0.0004012454263204
85 0.249919637959146 0.249666183776753 0.250063595293231 0.249798276143197 1.20745953604798e-06 0.000136869247382124 3.62237860814395e-06 0.000410607742146373
86 0.249917865828575 0.249658293713236 0.250065182177776 0.249793465261758 1.23620202738286e-06 0.000140062052636517 3.70860608214858e-06 0.000420186157909551
87 0.249916053443913 0.249650221100667 0.250066806297679 0.249788542723887 1.26559154445032e-06 0.00014332851691898 3.79677463335095e-06 0.000429985550756941
88 0.249914199924561 0.249641961797211 0.250068468520694 0.249783505980544 1.29564334874373e-06 0.000146670300898507 3.88693004623118e-06 0.000440010902695522
89 0.249912304372426 0.24963351157097 0.250070169734597 0.249778352426483 1.32637301396611e-06 0.000150089100866835 3.97911904189834e-06 0.000450267302600504
90 0.249910365871654 0.2496248660982 0.250071910847643 0.249773079399105 1.35779643278676e-06 0.000153586649416719 4.07338929836027e-06 0.000460759948250157
91 0.249908383488364 0.249616020961517 0.250073692789017 0.249767684177291 1.38992982367798e-06 0.000157164716128986 4.16978947103393e-06 0.000471494148386958
92 0.24990635627038 0.249606971648059 0.250075516509313 0.249762163980225 1.42278973783222e-06 0.000160825108268242 4.26836921349667e-06 0.000482475324804727
93 0.249904283246968 0.249597713547633 0.250077382981003 0.249756515966183 1.45639306615959e-06 0.000164569671487135 4.36917919847877e-06 0.000493709014461405
94 0.249902163428569 0.249588241950837 0.250079293198933 0.249750737231318 1.49075704636555e-06 0.000168400290539025 4.47227113909666e-06 0.000505200871617075
95 0.24989999580654 0.249578552047149 0.250081248180821 0.249744824808414 1.52589927010878e-06 0.000172318889998918 4.57769781032633e-06 0.000516956669996755
96 0.249897779352887 0.249568638922991 0.250083248967766 0.249738775665625 1.5618376902386e-06 0.000176327434992492 4.68551307071578e-06 0.000528982304977477
97 0.249895513020011 0.249558497559776 0.250085296624768 0.249732586705199 1.59859062811165e-06 0.000180427931933026 4.79577188433495e-06 0.000541283795799077
98 0.24989319574045 0.249548122831921 0.250087392241263 0.249726254762177 1.63617678098701e-06 0.00018462242926603 4.90853034296103e-06 0.00055386728779809
99 0.249890826426626 0.249537509504837 0.250089536931662 0.249719776603071 1.67461522949897e-06 0.000188913018221352 5.02384568849692e-06 0.000566739054664057
100 0.249888403970594 0.249526652232895 0.250091731835907 0.249713148924533 1.71392544520651e-06 0.000193301833572505 5.14177633561954e-06 0.000579905500717515
101 0.249885927243796 0.249515545557371 0.250093978120036 0.249706368351992 1.75412729821823e-06 0.000197791054402949 5.26238189465468e-06 0.000593373163208848
102 0.249883395096823 0.249504183904361 0.250096276976759 0.249699431438282 1.79524106489143e-06 0.000202382904879047 5.3857231946743e-06 0.000607148714637141
103 0.249880806359173 0.249492561582676 0.250098629626048 0.249692334662243 1.83728743560383e-06 0.000207079655029353 5.51186230681148e-06 0.000621238965088058
104 0.249878159839023 0.249480672781715 0.250101037315738 0.249685074427313 1.880287522596e-06 0.000211883621529914 5.64086256778801e-06 0.000635650864589741
105 0.249875454323005 0.249468511569314 0.250103501322139 0.249677647060089 1.92426286788287e-06 0.000216797168495204 5.7727886036486e-06 0.000650391505485613
106 0.249872688575982 0.249456071889574 0.250106022950662 0.249670048808879 1.96923545123172e-06 0.000221822708274295 5.90770635369516e-06 0.000665468124822885
107 0.249869861340843 0.249443347560666 0.250108603536458 0.249662275842232 2.0152276982047e-06 0.000226962702251837 6.04568309461409e-06 0.000680888106755512
108 0.249866971338297 0.249430332272621 0.250111244445067 0.249654324247448 2.06226248826281e-06 0.000232219661653405 6.18678746478844e-06 0.000696658984960214
109 0.249864017266676 0.249417019585094 0.250113947073084 0.249646190029076 2.11036316292884e-06 0.000237596148354698 6.33108948878652e-06 0.000712788445064093
110 0.249860997801753 0.249403402925114 0.250116712848833 0.249637869107388 2.15955353400576e-06 0.000243094775694104 6.47866060201728e-06 0.000729284327082313
111 0.249857911596565 0.249389475584816 0.250119543233062 0.249629357316837 2.20985789184745e-06 0.00024871820928805 6.62957367554236e-06 0.000746154627864149
112 0.249854757281249 0.249375230719154 0.250122439719644 0.249620650404504 2.26130101367787e-06 0.000254469167848551 6.7839030410336e-06 0.000763407503545653
113 0.249851533462889 0.2493606613436 0.250125403836295 0.249611744028519 2.31390817195474e-06 0.00026035042400235 6.94172451586422e-06 0.000781051272007051
114 0.249848238725375 0.249345760331831 0.250128437145306 0.249602633756474 2.36770514277351e-06 0.000266364805110958 7.10311542832054e-06 0.000799094415332875
115 0.249844871629277 0.249330520413396 0.250131541244292 0.249593315063814 2.42271821430686e-06 0.000272515194090905 7.26815464292058e-06 0.000817545582272716
116 0.249841430711736 0.249314934171383 0.250134717766946 0.24958378333222 2.4789741952749e-06 0.000278804530233451 7.4369225858247e-06 0.000836413590700353
117 0.249837914486361 0.249298994040061 0.250137968383821 0.24957403384797 2.53650042344079e-06 0.000285235810022966 7.60950127032236e-06 0.000855707430068897
118 0.249834321443154 0.249282692302528 0.250141294803115 0.249564061800293 2.59532477412607e-06 0.000291812087953146 7.7859743223782e-06 0.000875436263859439
119 0.249830650048446 0.24926602108834 0.250144698771478 0.2495538622797 2.65547566873979e-06 0.000298536477340189 7.96642700621937e-06 0.000895609432020568
120 0.24982689874485 0.249248972371142 0.250148182074829 0.249543430276318 2.71698208331498e-06 0.000305412151131989 8.15094624994492e-06 0.000916236453395967
121 0.249823065951244 0.249231537966291 0.250151746539193 0.249532760678194 2.77987355704569e-06 0.00031244234271239 8.33962067113707e-06 0.00093732702813717
122 0.249819150062761 0.249213709528482 0.250155394031553 0.249521848269603 2.84418020081753e-06 0.000319630346699457 8.53254060245258e-06 0.000958891040098372
123 0.249815149450812 0.249195478549371 0.250159126460711 0.249510687729337 2.90993270572389e-06 0.000326979519736691 8.72979811717166e-06 0.000980938559210072
124 0.249811062463129 0.249176836355199 0.250162945778174 0.249499273628988 2.97716235156e-06 0.000334493281276043 8.93148705468e-06 0.00100347984382813
125 0.249806887423834 0.249157774104426 0.25016685397905 0.249487600431223 3.04590101528619e-06 0.000342175114351554 9.13770304585858e-06 0.00102652534305466
126 0.249802622633531 0.249138282785367 0.250170853102963 0.249475662488051 3.11618117945146e-06 0.000350028566342344 9.34854353835438e-06 0.00105008569902703
127 0.249798266369435 0.249118353213843 0.25017494523498 0.249463454039084 3.18803594056785e-06 0.000358057249723671 9.56410782170354e-06 0.00107417174917101
128 0.249793816885515 0.24909797603084 0.250179132506562 0.249450969209795 3.26149901742572e-06 0.00036626484280467 9.78449705227717e-06 0.00109879452841401
129 0.249789272412689 0.249077141700182 0.250183417096519 0.249438202009767 3.3366047593395e-06 0.000374655090451345 1.00098142780185e-05 0.00112396527135404
130 0.24978463115903 0.249055840506231 0.250187801232001 0.249425146330948 3.41338815431277e-06 0.000383231804793318 1.02401644629383e-05 0.00114969541437995
131 0.249779891310025 0.249034062551596 0.250192287189481 0.249411795945898 3.49188483711133e-06 0.000391998865912775 1.0475654511334e-05 0.00117599659773832
132 0.249775051028858 0.249011797754877 0.250196877295778 0.249398144506042 3.5721310972321e-06 0.000400960222513966 1.07163932916963e-05 0.0012028806675419
133 0.249770108456737 0.248989035848429 0.250201573929083 0.249384185539918 3.6541638867551e-06 0.000410119892571577 1.09624916602653e-05 0.00123035967771473
134 0.249765061713258 0.248965766376162 0.250206379520004 0.249369912451438 3.73802082806544e-06 0.000419481963956181 1.12140624841963e-05 0.00125844589186854
135 0.249759908896816 0.248941978691375 0.250211296552634 0.24935531851815 3.82374022143126e-06 0.00042905059503494 1.14712206642938e-05 0.00128715178510482
136 0.249754648085053 0.248917661954627 0.250216327565627 0.249340396889501 3.91136105242329e-06 0.00043883001524564 1.17340831572699e-05 0.00131649004573692
137 0.249749277335358 0.248892805131652 0.250221475153301 0.249325140585125 4.00092299916092e-06 0.000448824525642048 1.20027689974827e-05 0.00134647357692614
138 0.249743794685412 0.248867396991321 0.25022674196675 0.249309542493125 4.09246643936889e-06 0.000459038499408544 1.22773993181067e-05 0.00137711549822563
139 0.249738198153786 0.248841426103657 0.250232130714978 0.249293595368382 4.1860324572284e-06 0.000469476382341867 1.25580973716852e-05 0.0014084291470256
140 0.249732485740589 0.248814880837903 0.250237644166048 0.249277291830869 4.28166285000536e-06 0.000480142693297749 1.28449885500161e-05 0.00144042807989325
141 0.249726655428171 0.248787749360649 0.250243285148249 0.249260624363992 4.37940013443808e-06 0.00049104202460013 1.31382004033142e-05 0.00147312607380039
142 0.249720705181889 0.248760019634031 0.25024905655128 0.249243585312946 4.47928755286598e-06 0.000502179042410572 1.34378626585979e-05 0.00150653712723172
143 0.249714632950925 0.248731679413994 0.250254961327452 0.249226166883091 4.58136907908006e-06 0.00051355848705539 1.37441072372402e-05 0.00154067546116617
144 0.249708436669175 0.248702716248632 0.250261002492903 0.249208361138363 4.68568942387527e-06 0.00052518517330796 1.40570682716258e-05 0.00157555551992388
145 0.249702114256192 0.248673117476614 0.250267183128837 0.249190159999702 4.7922940402841e-06 0.000537063990623556 1.43768821208523e-05 0.00161119197187067
146 0.249695663618212 0.248642870225687 0.250273506382771 0.24917155524352 4.90122912847014e-06 0.000549199903324008 1.47036873854104e-05 0.00164759970997202
147 0.249689082649235 0.248611961411282 0.25027997546981 0.249152538500195 5.01254164025929e-06 0.000561597950729364 1.50376249207779e-05 0.00168479385218809
148 0.249682369232188 0.248580377735212 0.250286593673923 0.249133101252609 5.12627928328605e-06 0.000574263247233687 1.53788378498581e-05 0.00172278974170106
149 0.249675521240167 0.248548105684475 0.250293364349251 0.24911323483472 5.2424905247309e-06 0.000587200982321998 1.57274715741927e-05 0.00176160294696599
150 0.249668536537747 0.248515131530173 0.250300290921419 0.24909293043018 5.36122459462472e-06 0.000600416420525321 1.60836737838742e-05 0.00180124926157596
151 0.249661412982385 0.248481441326541 0.250307376888874 0.249072179071002 5.48253148869497e-06 0.000613914901310703 1.64475944660849e-05 0.00184174470393211
152 0.249654148425902 0.248447020910108 0.250314625824226 0.249050971636269 5.60646197072758e-06 0.000627701838902967 1.68193859121827e-05 0.0018831055167089
153 0.249646740716054 0.248411855898982 0.250322041375617 0.249029298850909 5.73306757441824e-06 0.000641782722034931 1.71992027232547e-05 0.00192534816610479
154 0.249639187698196 0.248375931692284 0.250329627268095 0.249007151284516 5.86240060468526e-06 0.000656163113622694 1.75872018140558e-05 0.00196848934086808
155 0.249631487217038 0.248339233469713 0.250337387305008 0.248984519350238 5.99451413841617e-06 0.000670848650362551 1.79835424152485e-05 0.00201254595108765
156 0.249623637118499 0.24830174619128 0.25034532536941 0.248961393303729 6.12946202461894e-06 0.000685845042245997 1.83883860738568e-05 0.00205753512673799
157 0.249615635251664 0.248263454597191 0.250353445425479 0.248937763242173 6.26729888394828e-06 0.000701158071989243 1.88018966518448e-05 0.00210347421596773
158 0.249607479470841 0.248224343207908 0.25036175151995 0.248913619103377 6.40808010757657e-06 0.000716793594373547 1.92242403227297e-05 0.00215038078312064
159 0.249599167637725 0.24818439632438 0.250370247783558 0.248888950664944 6.55186185537851e-06 0.000732757535492659 1.96555855661355e-05 0.00219827260647798
160 0.24959069762368 0.24814359802846 0.250378938432499 0.248863747543532 6.69870105339761e-06 0.000749055891903554 2.00961031601928e-05 0.00224716767571066
161 0.249582067312124 0.248101932183526 0.250387827769889 0.248837999194192 6.84865539056222e-06 0.000765694729676633 2.05459661716866e-05 0.0022970841890299
162 0.249573274601034 0.248059382435286 0.25039692018725 0.248811694909806 7.00178331461793e-06 0.000782680183341457 2.10053499438538e-05 0.00234804055002437
163 0.24956431740558 0.24801593221281 0.250406220165989 0.248784823820615 7.15814402724304e-06 0.000800018454724082 2.14744320817291e-05 0.00240005536417225
164 0.249555193660869 0.247971564729773 0.250415732278901 0.248757374893855 7.31779747831241e-06 0.000817715811671997 2.19533924349372e-05 0.00245314743501599
165 0.249545901324823 0.247926262985931 0.250425461191667 0.24872933693349 7.48080435927544e-06 0.000835778586662627 2.24424130778263e-05 0.00250733575998788
166 0.249536438381189 0.247880009768831 0.250435411664366 0.248700698580066 7.64722609561265e-06 0.000854213175291352 2.2941678286838e-05 0.00256263952587406
167 0.249526802842674 0.247832787655765 0.250445588552992 0.248671448310675 7.81712483833533e-06 0.000873026034634964 2.3451374515006e-05 0.00261907810390489
168 0.249516992754223 0.247784579015994 0.250455996810975 0.248641574439044 7.99056345449219e-06 0.000892223681486455 2.39716903634766e-05 0.00267667104445936
169 0.249507006196435 0.247735366013217 0.250466641490703 0.24861106511575 8.16760551664657e-06 0.000911812690457059 2.45028165499397e-05 0.00273543807137118
170 0.249496841289116 0.247685130608329 0.250477527745054 0.24857990832857 8.34831529128759e-06 0.00093179969194144 2.50449458738628e-05 0.00279539907582432
171 0.249486496194985 0.24763385456246 0.25048866082892 0.248548091902963 8.5327577261383e-06 0.000952191369941956 2.55982731784149e-05 0.00285657410982587
172 0.249475969123522 0.247581519440302 0.250500046100736 0.248515603502703 8.72099843632382e-06 0.000972994459747939 2.61629953089715e-05 0.00291898337924382
173 0.249465258334967 0.247528106613743 0.25051168902401 0.248482430630658 8.91310368936238e-06 0.000994215745465989 2.67393110680871e-05 0.00298264723639797
174 0.249454362144472 0.247473597265815 0.250523595168843 0.248448560629724 9.1091403889421e-06 0.0010158620573973 2.73274211668263e-05 0.00304758617219191
175 0.249443278926413 0.247417972394955 0.25053577021345 0.248413980683919 9.30917605744662e-06 0.00103794026925812 2.79275281723399e-05 0.00311382080777437
176 0.249432007118851 0.247361212819605 0.250548219945671 0.248378677819646 9.5132788171926e-06 0.00106045729523951 2.85398364515778e-05 0.00318137188571853
177 0.249420545228159 0.247303299183145 0.25056095026448 0.248342638907124 9.72151737034277e-06 0.00108342008690265 2.91645521110283e-05 0.00325026026070794
178 0.249408891833809 0.24724421195918 0.250573967181474 0.248305850662003 9.93396097745822e-06 0.00110683562990609 2.98018829323747e-05 0.00332050688971826
179 0.24939704559332 0.247183931457175 0.250587276822363 0.248268299647158 1.01506794346544e-05 0.00113071094056138 3.04520383039632e-05 0.00339213282168413
180 0.249385005247372 0.247122437828469 0.250600885428435 0.248229972274672 1.03717430493257e-05 0.00115505306221372 3.11152291479771e-05 0.00346515918664116
181 0.249372769625087 0.247059711072649 0.250614799358011 0.248190854808018 1.05972226144045e-05 0.00117986906144441 3.17916678432136e-05 0.00353960718433322
182 0.249360337649471 0.246995731044316 0.250629025087883 0.248150933364437 1.08271893811212e-05 0.00120516602409198 3.24815681433636e-05 0.00361549807227594
183 0.249347708343032 0.246930477460236 0.250643569214727 0.248110193917528 1.10617150302324e-05 0.00123095105108924 3.31851450906972e-05 0.00369285315326772
184 0.249334880833555 0.246863929906888 0.250658438456495 0.248068622300041 1.13008716416869e-05 0.00125723125411347 3.39026149250606e-05 0.0037716937623404
185 0.24932185436005 0.24679606784842 0.25067363965379 0.2480262042069 1.15447316626984e-05 0.00128401375104737 3.46341949880951e-05 0.00385204125314212
186 0.24930862827887 0.24672687063501 0.250689179771196 0.247982925198433 1.17933678741973e-05 0.00131130566124863 3.53801036225918e-05 0.0039339169837459
187 0.249295202069985 0.246656317511653 0.250705065898596 0.247938770703839 1.20468533556338e-05 0.00133911410062606 3.61405600669014e-05 0.00401734230187818
188 0.249281575343429 0.24658438762736 0.250721305252445 0.24789372602489 1.2305261448108e-05 0.00136744617652082 3.69157843443239e-05 0.00410233852956247
189 0.24926774784591 0.24651106004479 0.250737905177013 0.247847776339858 1.25686657158023e-05 0.00139630898239135 3.7705997147407e-05 0.00418892694717406
190 0.249253719467573 0.246436313750319 0.250754873145584 0.247800906707697 1.2837139905697e-05 0.00142570959230099 3.85114197170911e-05 0.00427712877690298
191 0.249239490248933 0.246360127664537 0.250772216761618 0.247753102072459 1.31107579055479e-05 0.00145565505520775 3.93322737166436e-05 0.00436696516562326
192 0.249225060387951 0.246282480653191 0.250789943759865 0.247704347267969 1.33895937001107e-05 0.00148615238905594 4.0168781100332e-05 0.00445845716716783
193 0.249210430247274 0.246203351538564 0.250808062007429 0.247654627022751 1.36737213255988e-05 0.00151720857466985 4.10211639767964e-05 0.00455162572400954
194 0.249195600361614 0.246122719111304 0.250826579504787 0.247603925965205 1.39632148223622e-05 0.00154883054944999 4.18896444670866e-05 0.00464649164834997
195 0.249180571445274 0.246040562142692 0.250845504386742 0.247552228629057 1.42581481857801e-05 0.00158102520087316 4.27744445573402e-05 0.00474307560261947
196 0.249165344399806 0.24595685939736 0.250864844923326 0.247499519459056 1.45585953153627e-05 0.0016137993597975 4.36757859460881e-05 0.00484139807939251
197 0.249149920321813 0.245871589646449 0.250884609520637 0.247445782816953 1.48646299620609e-05 0.00164715979357497 4.45938898861826e-05 0.00494147938072492
198 0.249134300510862 0.245784731681209 0.250904806721607 0.247391002987732 1.5176325673785e-05 0.00168111319897342 4.55289770213551e-05 0.00504333959692025
199 0.249118486477527 0.245696264327039 0.250925445206706 0.247335164186126 1.54937557391402e-05 0.00171566619491156 4.64812672174207e-05 0.00514699858473467
200 0.249102479951533 0.24560616645796 0.250946533794564 0.247278250563384 1.58169931293872e-05 0.00175082531501044 4.74509793881615e-05 0.00525247594503133
201 0.249086282890007 0.245514417011522 0.250968081442523 0.247220246214331 1.61461104386431e-05 0.00178659699996564 4.84383313159294e-05 0.00535979099989693
202 0.249069897485825 0.245420995004131 0.250990097247097 0.247161135184678 1.64811798223415e-05 0.00182298758974502 4.94435394670244e-05 0.00546896276923505
203 0.24905332617603 0.245325879546792 0.251012590444355 0.247100901478617 1.68222729339732e-05 0.0018600033156175 5.04668188019197e-05 0.00558000994685252
204 0.249036571650337 0.245229049861259 0.251035570410207 0.247039529066679 1.71694608601381e-05 0.00189765029201916 5.15083825804144e-05 0.00569295087605749
205 0.249019636859685 0.245130485296588 0.251059046660595 0.246977001893864 1.7522814053938e-05 0.00193593450826312 5.25684421618141e-05 0.00580780352478936
206 0.249002525024848 0.245030165346065 0.251083028851587 0.246913303888029 1.78824022667511e-05 0.001974861820101 5.36472068002534e-05 0.00592458546030301
207 0.248985239645074 0.244928069664519 0.251107526779365 0.246848418968552 1.82482944784291e-05 0.00201443794114399 5.47448834352872e-05 0.00604331382343198
208 0.248967784506752 0.24482417808599 0.251132550380104 0.24678233105524 1.86205588259669e-05 0.00205466843415236 5.58616764779006e-05 0.00616400530245707
209 0.248950163692081 0.244718470641734 0.25115810972974 0.246715024077509 1.89992625306984e-05 0.00209555870220311 5.69977875920951e-05 0.00628667610660934
210 0.248932381587735 0.244610927578566 0.251184215043617 0.246646481983801 1.9384471824078e-05 0.0021371139797461 5.81534154722338e-05 0.0064113419392383
211 0.248914442893503 0.244501529377504 0.251210876676016 0.246576688751251 1.97762518721137e-05 0.00217933932355958 5.93287556163412e-05 0.00653801797067875
212 0.248896352630888 0.244390256772701 0.25123810511955 0.246505628395598 2.01746666985237e-05 0.00222223960361715 6.0524000095571e-05 0.00666671881085145
213 0.24887811615165 0.244277090770654 0.251265911004436 0.246433284981319 2.05797791066923e-05 0.00226581949387849 6.17393373200768e-05 0.00679745848163546
214 0.248859739146272 0.244162012669641 0.251294305097626 0.24635964263199 2.09916506005107e-05 0.00231008346301732 6.29749518015321e-05 0.00693025038905197
215 0.24884122765233 0.244045004079391 0.251323298301794 0.246284685540867 2.14103413041912e-05 0.00235503576510055 6.42310239125735e-05 0.00706510729530166
216 0.248822588062747 0.243926046940943 0.251352901654186 0.246208397981667 2.18359098811496e-05 0.00240068043023335 6.55077296434489e-05 0.00720204129070004
217 0.248803827133919 0.24380512354667 0.251383126325315 0.246130764319545 2.22684134520603e-05 0.00244702125518568 6.6805240356181e-05 0.00734106376555704
218 0.24878495199368 0.243682216560443 0.251413983617502 0.246051769022261 2.27079075121888e-05 0.00249406179401653 6.81237225365663e-05 0.00748218538204958
219 0.248765970149086 0.243557309037901 0.251445484963257 0.245971396671514 2.31544458481183e-05 0.00254180534871255 6.9463337544355e-05 0.00762541604613765
220 0.248746889494012 0.243430384446796 0.251477641923504 0.245889631974437 2.36080804539896e-05 0.00259025495985888 7.08242413619688e-05 0.00777076487957663
221 0.248727718316515 0.243301426687381 0.251510466185631 0.245806459775243 2.40688614473793e-05 0.00263941339736014 7.22065843421379e-05 0.00791824019208042
222 0.248708465305958 0.243170420112805 0.251543969561376 0.245721865066999 2.45368369849501e-05 0.00268928315123058 7.36105109548504e-05 0.00806784945369174
223 0.248689139559866 0.24303734954948 0.25157816398453 0.245635833003521 2.50120531780094e-05 0.00273986642247265 7.50361595340281e-05 0.00821959926741795
224 0.24866975059049 0.242902200317384 0.251613061508473 0.245548348911365 2.5494554008119e-05 0.00279116511406399 7.64836620243568e-05 0.00837349534219196
225 0.248650308331052 0.242764958250256 0.251648674303516 0.245459398301911 2.59843812429059e-05 0.00284318082207328 7.79531437287176e-05 0.00852954246621985
226 0.248630823141653 0.242625609715658 0.251685014654067 0.245368966883509 2.64815743522257e-05 0.00289591482692591 7.94447230566771e-05 0.00868774448077774
227 0.248611305814815 0.242484141634842 0.251722094955603 0.245277040573678 2.69861704248382e-05 0.00294936808484065 8.09585112745144e-05 0.00884810425452197
228 0.248591767580634 0.242340541502399 0.251759927711457 0.24518360551133 2.74982040857567e-05 0.00300354121945917 8.24946122572701e-05 0.00901062365837751
229 0.248572220111517 0.242194797405645 0.251798525529399 0.24508864806902 2.801770741444e-05 0.00305843451369029 8.405312224332e-05 0.00917530354107087
230 0.248552675526483 0.242046898043693 0.251837901118036 0.244992154865167 2.85447098639951e-05 0.00311404790179128 8.56341295919854e-05 0.00934214370537383
231 0.248533146394998 0.241896832746169 0.251878067283006 0.244894112776266 2.90792381815676e-05 0.0031703809617085 8.72377145447028e-05 0.00951114288512551
232 0.248513645740329 0.241744591491544 0.251919036922968 0.244794508949039 2.96213163300949e-05 0.0032274329077001 8.88639489902846e-05 0.00968229872310029
233 0.248494187042377 0.241590164925012 0.251960823025398 0.244693330812514 3.01709654116036e-05 0.00328520258326308 9.05128962348107e-05 0.00985560774978923
234 0.248474784239985 0.241433544375892 0.252003438662183 0.244590566090021 3.07282035922325e-05 0.00334368845438756 9.21846107766975e-05 0.0100310653631627
235 0.248455451732685 0.241274721874496 0.252046896985004 0.244486202811057 3.12930460291647e-05 0.00340288860316045 9.38791380874939e-05 0.0102086658094813
236 0.248436204381866 0.241113690168427 0.25209121122052 0.244380229323026 3.18655047996534e-05 0.00346280072174086 9.55965143989602e-05 0.0103884021652226
237 0.248417057511338 0.240950442738254 0.252136394665353 0.244272634302809 3.2445588832328e-05 0.00352342210672924 9.7336766496984e-05 0.0105702663201877
238 0.248398026907281 0.24078497381253 0.252182460680863 0.244163406768154 3.30333038409636e-05 0.00358474965395179 9.90999115228907e-05 0.0107542489618554
239 0.248379128817547 0.240617278382101 0.252229422687728 0.244052536088854 3.36286522609002e-05 0.00364677985368139 0.000100885956782701 0.0109403395610442
240 0.248360379950305 0.240447352213669 0.252277294160313 0.243940011997697 3.42316331882946e-05 0.0037095087863157 0.000102694899564884 0.0111285263589471
241 0.248341797472004 0.240275191862564 0.252326088620853 0.24382582460116 3.4842242322386e-05 0.00377293211853238 0.000104526726967158 0.0113187963555972
242 0.248323399004648 0.240100794684689 0.252375819633434 0.243709964389822 3.54604719109545e-05 0.00383704509994089 0.000106381415732863 0.0115111352998227
243 0.248305202622359 0.239924158847588 0.252426500797777 0.243592422248483 3.60863106991491e-05 0.00390184256024924 0.000108258932097447 0.0117055276807477
244 0.248287226847213 0.239745283340615 0.252478145742838 0.243473189465952 3.67197438818558e-05 0.00396731890696357 0.000110159231645567 0.0119019567208907
245 0.248269490644352 0.23956416798415 0.252530768120222 0.243352257744489 3.73607530597746e-05 0.00403346812363704 0.000112082259179324 0.0121004043709111
246 0.248252013416337 0.239380813437838 0.252584381597407 0.243229619208885 3.80093161993666e-05 0.00410028376868379 0.0001140279485981 0.0123008513060514
247 0.248234814996761 0.239195221207817 0.252638999850801 0.243105266415144 3.86654075968284e-05 0.00416775897477243 0.000115996222790485 0.0125032769243173
248 0.248217915643087 0.239007393652903 0.252694636558623 0.242979192358754 3.93289978462433e-05 0.0042358864488124 0.00011798699353873 0.0127076593464372
249 0.248201336028732 0.238817333989691 0.252751305393615 0.242851390482533 4.00000538120527e-05 0.00430465847254506 0.000120000161436158 0.0129139754176352
250 0.248185097234377 0.238625046296574 0.252809020015607 0.242721854684017 4.06785386059813e-05 0.00437406690375035 0.000122035615817944 0.013122200711251
251 0.248169220738503 0.238430535516622 0.252867794063912 0.242590579322377 4.13644115685445e-05 0.00444410317807793 0.000124093234705634 0.0133323095342338
252 0.248153728407162 0.238233807459326 0.252927641149594 0.242457559224854 4.20576282552534e-05 0.00451475831151075 0.00012617288476576 0.0135442749345322
253 0.248138642482982 0.238034868801173 0.252988574847589 0.242322789692678 4.27581404276268e-05 0.00458602290346689 0.00012827442128288 0.0137580687104007
